35
174
242
136
229
222
208
7
103
241
96
178
48
136
238
175
41
241
187
243
46
77
214
2
127
207
80
40
20
127
130
184
180
237
240
54
28
91
43
147
29
222
19
43
27
16
136
74
154
192
177
16
185
164
204
112
188
29
169
128
63
226
2
11
151
126
254
171
50
154
102
152
153
242
200
109
79
220
205
140
162
190
195
174
66
225
91
183
255
199
220
240
34
231
213
146
64
115
152
68
15
93
33
95
23
212
54
86
154
109
113
150
27
239
228
17
1
238
156
77
215
248
57
47
40
67
181
127
206
46
57
239
203
95
176
158
22
173
205
231
244
191
61
6
89
170
21
84
197
107
66
227
12
137
106
44
26
5
47
202
23
237
29
222
59
61
126
60
123
66
244
30
94
113
211
247
125
175
202
63
214
29
180
148
253
19
131
231
161
156
103
223
217
102
4
223
229
229
128
81
238
250
67
20
248
42
61
174
175
115
157
251
153
176
22
136
115
122
175
126
168
130
30
187
201
12
113
81
64
157
58
252
230
180
179
27
168
156
116
71
102
162
213
33
78
177
85
22
166
12
189
128
159
37
116
249
148
233
227
234
237
233
192
164
20
159
119
231
234
101
228
160
50
112
67
221
255
115
193
115
156
31
185
46
84
207
158
158
170
214
69
220
23
156
241
135
52
142
201
31
180
82
233
248
95
234
135
105
22
143
24
28
65
4
111
253
120
222
215
204
