18 138 128 171 99 10 60 38 147 59 191 156 12 131 85 80 217 240 187 87 111 151 183 49 61 102 17 91 19 13 168 42 63 146 185 78 27 196 212 81 208 145 135 210 152 108 206 89 74 57 84 133 8 247 198 62 85 167 149 38 237 178 60 62 87 199 46 128 166 97 222 252 135 81 49 153 22 127 126 235
191 54 189 254 139 4 143 209 65 31 204 136 23 170 10 236 225 66 2 88 176 161 193 252 54 123 40 158 179 16 179 175 184 150 221 140 139 124 249 204 144 10 245 50 43 48 195 79 175 200 3 201 16 26 219 36 52 108 142 87 54 61 2 114 46 13 162 27 247 231 71 199 193 238 149 184 78 138 189 156
239 49 218 138 253 194 84 54 52 53 202 107 174 245 229 152 174 69 55 74 196 110 83 11 52 53 110 191 239 53 59 69 46 50 59 253 86 243 94 7 248 139 112 129 137 110 24 252 34 100 53 9 70 235 50 239 86 86 197 161 105 53 54 101 98 193 254 80 204 164 235 162 212 73 99 62 175 3 163 13
189 27 45 187 214 100 29 110 47 102 26 88 104 225 155 127 138 115 121 16 50 78 234 111 255 126 188 153 40 128 87 242 56 60 88 150 143 184 11 90 104 151 244 198 48 221 252 77 229 224 186 121 11 108 188 60 241 212 200 92 37 166 97 175 175 209 65 77 57 48 104 39 198 135 126 114 126 210 250 38
207 118 19 55 106 128 250 203 129 164 173 174 27 162 147 18 123 247 163 210 200 135 14 210 19 222 43 91 237 239 227 28 50 34 138 89 162 140 72 226 56 189 232 137 38 169 186 31 205 61 114 158 242 93 35 61 249 57 111 9 173 59 224 243 119 149 150 117 171 22 255 201 108 44 195 186 126 72 41 38
10 35 92 155 162 38 105 72 33 59 20 15 30 92 91 164 153 101 76 83 223 146 97 75 95 69 98 174 195 174 158 96 24 40 33 143 200 4 122 51 102 244 170 10 64 113 115 20 206 78 156 150 100 206 114 54 72 90 59 157 152 89 150 66 164 249 42 90 168 252 63 8 198 230 241 114 4 150 52 158
178 89 212 209 10 186 109 54 117 94 4 209 47 118 217 182 14 101 30 135 254 36 8 139 174 211 199 215 112 100 71 98 127 178 104 82 232 222 46 153 131 123 235 218 7 234 166 29 197 198 39 32 69 36 103 169 165 135 97 199 202 67 205 30 17 54 9 38 100 64 194 118 85 36 26 107 79 172 137 9
227 5 115 130 118 161 253 52 223 187 65 195 9 95 64 236 137 34 98 215 108 243 111 209 144 10 130 80 106 211 90 228 19 14 159 56 156 227 144 77 14 114 60 8 1 135 211 139 39 185 60 207 18 133 189 42 102 156 182 211 255 127 111 247 60 145 105 53 187 133 13 167 89 176 148 131 103 117 147 52
41 100 81 15 73 172 77 226 175 95 124 146 178 53 163 189 114 160 221 52 187 0 171 26 241 157 136 20 127 31 229 154 214 111 13 199 137 156 147 102 207 71 8 222 22 196 185 132 75 111 1 43 57 180 30 131 119 204 103 90 16 164 55 7 102 61 143 90 171 166 75 33 94 37 55 154 2 110 250 85
110 73 193 243 124 12 80 66 127 140 85 53 116 198 50 243 14 95 58 6 217 225 114 247 215 199 188 184 120 244 227 11 29 19 180 135 183 67 129 112 234 12 32 169 26 77 33 249 69 97 21 7 12 83 170 12 125 206 227 74 3 197 120 200 130 70 170 25 60 254 242 140 196 10 155 188 196 56 247 211
197 114 162 203 5 21 197 152 183 4 187 132 192 244 197 249 248 147 31 81 76 82 59 6 179 197 82 133 165 193 62 243 217 146 191 83 39 232 230 35 20 205 198 140 229 176 216 41 139 60 60 173 234 140 240 252 163 10 44 205 176 37 50 132 20 61 54 215 75 128 12 116 99 63 33 126 28 58 44 45
180 3 3 19 13 101 4 12 41 126 89 253 58 2 167 47 22 25 125 93 127 55 220 150 58 156 202 236 72 38 75 240 22 212 78 44 0 188 143 69 240 111 236 236 149 211 79 168 97 22 75 137 79 90 54 161 223 88 255 68 134 136 139 157 56 160 57 30 158 186 95 141 238 108 44 28 73 66 95 207
77 233 136 66 182 60 93 47 154 251 155 30 135 196 231 160 96 137 43 37 12 250 116 100 74 139 123 103 31 131 24 240 193 25 117 166 249 98 188 56 162 100 224 28 61 49 180 205 188 178 101 34 171 146 140 197 94 134 60 127 220 7 104 232 64 15 94 169 111 208 201 230 87 6 102 19 214 149 173 51
86 104 5 225 36 153 195 215 97 135 173 246 186 79 35 32 243 66 154 186 18 186 238 214 73 166 161 237 205 153 17 157 140 178 94 123 68 138 218 155 236 136 18 154 142 21 124 234 239 170 225 70 59 116 137 56 162 1 220 177 79 178 40 7 254 1 132 40 38 27 63 239 139 205 55 129 208 109 44 70
236 63 41 15 94 7 251 45 85 116 124 228 212 11 98 230 5 184 108 8 90 101 107 53 236 195 111 244 215 212 153 39 236 78 34 184 188 36 231 232 56 45 213 253 64 205 171 20 249 205 216 124 160 220 241 246 124 176 88 127 152 132 51 238 123 173 168 173 51 120 210 230 170 153 75 56 161 2 141 225
142 112 39 7 23 64 195 200 231 68 108 212 137 5 73 252 15 231 5 18 137 254 75 216 101 253 165 212 195 237 95 25 158 69 9 18 216 145 234 193 195 9 156 177 17 244 116 110 38 71 94 205 63 159 164 253 202 158 94 96 91 116 180 123 177 235 83 124 177 78 0 28 12 160 36 174 82 99 140 159
172 5 91 64 241 74 148 162 151 221 122 6 23 19 170 102 60 222 194 2 78 43 98 117 110 9 167 72 21 199 254 137 87 137 246 59 167 155 32 163 237 119 150 43 30 81 169 189 70 40 73 175 42 92 24 8 247 154 143 186 57 99 90 77 24 88 59 7 228 139 19 26 55 71 75 9 227 146 30 203
138 205 150 138 240 201 204 173 97 186 184 129 85 136 91 110 37 153 125 65 146 164 208 197 242 228 124 252 246 38 106 114 219 57 248 168 120 177 17 236 199 23 138 255 235 84 158 101 28 226 198 128 59 125 195 140 68 52 14 33 61 16 129 14 129 97 187 85 31 124 226 199 194 171 51 178 82 167 209 46
124 78 178 159 94 192 71 4 93 21 121 117 123 225 75 142 113 184 214 41 160 212 118 138 15 57 193 208 223 99 150 114 123 11 98 201 41 161 138 149 240 33 201 129 109 39 249 167 166 170 12 120 173 162 41 87 49 82 21 234 100 114 26 64 46 100 66 40 241 56 60 249 54 49 79 60 94 12 154 223
215 87 50 196 45 90 49 53 201 194 41 86 103 73 13 63 251 85 90 217 97 60 229 86 56 108 49 89 219 60 236 230 86 170 189 46 95 27 175 14 96 145 114 10 116 150 215 17 157 61 244 184 52 207 1 93 98 107 169 198 117 168 13 118 166 224 242 89 89 238 46 62 43 3 154 93 58 40 46 138
166 11 108 74 150 90 237 248 165 249 25 167 237 219 247 180 158 233 49 138 214 218 173 51 181 56 80 83 14 141 125 102 248 40 88 105 167 59 147 184 18 174 231 68 122 47 49 183 251 106 63 8 194 4 254 159 221 43 67 158 149 22 140 196 20 248 52 30 9 8 221 208 125 29 126 145 111 29 24 149
58 9 2 125 88 163 39 201 226 254 142 187 219 134 45 115 218 244 85 198 186 158 201 97 224 109 39 47 48 211 2 102 50 221 191 248 213 197 43 180 118 156 97 24 62 172 30 87 152 245 36 218 37 147 148 189 88 188 190 93 199 117 12 133 84 188 223 3 112 63 214 80 14 221 142 100 235 136 26 96
151 18 53 75 44 190 232 124 142 204 249 6 200 52 97 203 143 188 212 30 86 115 121 248 123 232 212 71 39 17 32 163 48 106 239 43 247 158 27 137 235 182 181 202 86 224 65 193 77 152 128 185 54 172 16 80 17 97 6 72 46 139 61 248 28 64 153 11 152 215 159 171 114 208 84 141 13 206 102 40
90 94 18 30 25 148 50 250 254 64 192 255 24 173 14 109 71 38 0 57 132 86 222 41 142 24 120 31 97 204 149 108 192 158 4 52 204 143 233 208 252 182 249 175 93 87 194 75 221 52 248 164 191 248 154 60 105 63 155 224 250 53 103 179 171 46 244 56 166 31 134 181 122 135 255 189 115 61 16 200
7 88 32 62 3 245 170 161 124 233 64 237 232 81 134 84 139 133 12 13 187 43 26 52 209 235 11 69 107 197 100 66 187 164 97 161 80 183 138 159 236 69 176 206 182 16 169 9 90 143 127 145 161 176 75 236 220 46 246 152 161 96 195 181 149 198 5 19 244 20 115 193 10 203 36 162 58 74 182 227
178 152 140 185 37 117 78 166 213 220 25 86 234 96 77 198 178 68 15 132 119 59 96 222 178 247 163 231 227 33 70 56 169 55 138 22 211 144 4 6 166 50 45 195 159 193 229 129 143 153 59 227 185 196 168 15 172 96 48 130 41 242 222 84 55 252 162 141 178 10 81 44 138 21 112 100 48 81 206 21
185 124 199 164 250 223 37 159 135 211 25 238 156 113 13 203 147 35 146 136 15 181 102 119 140 75 124 0 179 198 171 86 227 174 236 209 142 188 74 174 146 201 44 125 95 221 12 215 175 114 14 148 189 163 138 39 144 139 224 152 189 121 121 85 126 197 245 77 219 119 139 36 8 248 63 204 179 44 143 98
110 224 243 93 164 204 32 31 183 113 180 137 250 238 154 96 222 176 84 199 34 6 241 136 15 198 60 127 81 171 234 203 150 55 254 167 35 96 37 253 97 215 203 2 70 126 125 20 186 134 184 125 248 185 253 66 208 17 44 83 28 96 86 102 51 109 111 110 221 44 160 142 138 202 201 49 0 240 136 64
45 192 45 214 46 251 226 48 7 0 78 23 31 58 224 192 198 163 39 251 77 231 95 193 8 130 79 30 227 67 69 181 154 111 232 242 94 154 226 124 204 86 239 186 110 8 160 112 228 22 34 110 175 100 38 124 232 133 171 45 74 34 94 193 108 16 171 147 100 73 39 114 41 178 65 76 71 33 222 145
190 122 190 255 80 25 206 225 200 207 51 196 242 19 191 223 3 35 247 35 228 122 155 187 197 23 113 132 69 12 14 90 3 79 217 1 37 129 131 36 120 99 140 134 40 197 152 191 49 63 229 103 41 18 104 11 108 243 199 102 72 75 179 188 186 107 92 138 51 146 19 82 93 155 159 138 46 196 104 27
40 104 253 116 133 97 91 71 170 72 146 103 134 8 217 136 222 162 193 134 4 176 207 170 9 24 164 127 182 30 68 132 140 51 147 219 242 110 92 165 183 174 133 221 92 48 215 192 233 126 95 21 150 121 110 88 43 143 138 163 178 102 183 47 177 88 104 153 68 127 44 106 180 236 172 87 77 92 82 10
205 44 8 183 169 227 49 53 128 132 43 206 150 238 103 165 217 41 54 141 71 192 214 133 22 206 64 140 58 52 108 31 80 63 180 193 247 155 18 247 162 160 157 43 185 148 9 6 117 198 147 71 17 221 142 34 137 232 43 135 153 246 35 214 51 199 15 82 94 140 171 26 249 137 17 171 248 26 65 212
118 114 234 170 85 150 114 149 203 126 186 153 47 206 20 193 188 249 50 63 202 25 206 135 67 76 242 163 244 63 87 228 16 24 106 148 103 209 120 151 162 203 95 132 62 223 211 207 242 1 158 195 41 151 45 224 98 202 2 241 116 136 18 3 22 1 157 193 128 226 30 241 231 248 206 62 242 139 178 41
179 53 30 252 220 217 110 178 158 66 92 137 205 113 63 191 234 69 111 26 130 51 229 133 223 135 62 135 46 206 218 168 147 147 204 243 186 16 28 226 85 244 133 28 227 86 95 154 207 111 96 101 36 104 169 143 202 46 57 148 120 217 52 232 228 123 165 84 238 214 252 89 19 82 225 244 186 225 230 60
234 51 65 137 255 2 254 29 205 112 134 127 79 233 70 144 57 29 238 99 75 66 145 159 126 113 18 77 199 223 159 237 185 82 153 24 196 75 146 152 233 142 173 158 67 135 195 56 224 173 193 37 25 125 105 160 22 144 190 114 39 61 126 106 232 54 56 25 157 240 44 128 16 87 85 4 138 178 62 146
241 170 129 247 167 63 175 12 179 100 164 243 199 236 24 92 138 83 51 71 244 88 26 130 63 224 127 62 41 49 68 129 199 34 116 129 223 145 145 229 163 165 50 239 221 106 230 83 20 197 18 23 117 133 237 184 76 176 145 168 68 229 84 152 237 88 228 49 208 225 207 30 161 174 208 188 171 231 252 80
210 245 46 151 151 75 174 65 114 125 92 170 198 80 80 240 194 156 248 115 45 60 20 99 140 152 72 89 4 175 70 13 138 146 151 87 135 60 48 166 175 2 195 4 230 28 213 95 11 153 126 51 2 4 34 201 110 48 91 145 99 203 234 146 104 109 245 54 222 242 111 188 134 223 205 167 109 100 164 230
159 125 178 240 149 188 161 87 203 124 240 240 54 48 158 210 147 34 75 236 91 34 123 105 224 33 85 115 109 55 116 247 253 86 96 101 149 92 139 179 172 245 200 199 188 144 101 17 2 180 44 168 58 109 248 191 56 167 238 23 66 181 238 85 78 216 98 190 142 3 238 39 149 57 160 13 72 16 69 217
184 107 96 63 217 150 208 142 178 174 130 199 206 252 247 23 183 146 116 162 224 134 164 196 162 115 1 87 171 15 4 224 73 29 5 142 38 196 117 238 78 141 242 31 238 217 218 50 4 16 107 132 45 72 38 218 127 109 54 171 124 99 173 43 180 143 187 184 70 46 172 180 142 175 97 218 26 70 231 180
142 178 131 243 48 189 87 241 11 101 66 162 197 143 140 118 4 74 228 84 44 195 215 61 224 37 102 38 145 226 72 194 198 46 48 102 206 227 219 170 93 177 245 193 43 31 185 105 162 76 26 140 210 155 177 98 21 193 57 105 97 99 168 209 248 181 153 114 79 182 125 95 218 150 144 68 116 1 84 178
174 207 18 121 242 242 37 224 19 219 12 136 11 14 187 129 60 87 5 112 187 168 200 153 138 238 19 185 194 42 211 246 223 103 84 43 74 194 220 162 85 21 245 151 27 221 246 140 24 45 102 144 187 9 189 226 239 62 13 222 126 16 215 157 243 179 95 234 44 103 192 196 152 146 77 123 239 190 127 96
115 180 227 244 212 164 100 23 54 123 201 218 107 129 156 241 90 59 197 8 4 23 170 115 147 135 216 188 12 102 89 120 67 179 58 175 216 191 150 77 3 237 18 116 240 205 241 156 222 28 109 182 114 248 41 189 27 74 142 168 53 102 155 7 7 201 213 54 61 127 22 190 139 45 85 47 39 187 205 243
89 109 177 17 163 94 83 241 24 170 23 70 231 62 8 85 87 85 131 74 204 2 221 243 193 224 214 84 164 229 233 31 229 197 199 87 201 195 241 225 225 184 149 22 80 68 136 18 61 234 190 114 190 145 158 28 14 244 177 60 234 113 19 116 159 60 247 210 68 1 181 20 166 19 117 186 43 0 236 244
163 52 154 238 199 217 11 113 101 243 58 161 197 124 50 50 170 131 181 18 183 137 98 41 59 86 231 101 74 208 13 203 63 17 239 91 237 198 211 26 151 124 247 177 206 63 241 4 173 30 129 133 35 67 70 132 20 11 148 239 108 116 220 18 61 62 168 238 22 17 8 58 119 157 182 120 145 85 242 176
139 168 57 197 198 150 126 1 186 188 121 87 78 80 209 249 227 235 177 83 132 62 93 245 126 183 161 75 221 160 189 154 22 38 143 70 187 190 232 5 16 221 251 103 135 52 151 51 49 69 241 29 2 172 225 20 106 206 30 120 249 224 103 175 153 73 26 103 82 193 139 242 160 160 56 20 22 141 117 42
16 226 121 54 139 216 200 6 123 93 161 34 230 213 158 213 218 156 68 107 81 122 49 205 158 127 203 140 247 2 34 241 79 253 207 245 148 88 201 179 39 214 72 180 141 197 62 21 48 198 91 15 14 127 128 82 16 114 27 104 182 229 91 33 242 83 116 168 97 72 183 105 95 254 5 218 132 233 211 90
46 129 112 205 128 33 92 23 118 138 246 69 191 243 219 172 77 252 33 171 206 72 10 133 122 50 255 153 116 122 8 221 85 95 64 134 83 233 226 209 130 152 240 77 96 136 184 192 78 7 108 167 4 149 130 65 12 209 195 34 217 194 76 66 206 98 90 60 17 9 143 102 159 11 144 195 38 62 205 109
100 65 10 5 62 157 18 152 196 228 113 221 197 185 219 147 178 38 185 176 177 220 32 145 69 6 111 75 231 161 251 132 175 131 147 61 102 142 233 9 86 154 153 128 109 139 60 162 199 197 191 25 60 115 203 44 110 181 99 210 102 184 216 69 28 250 26 209 247 37 13 85 32 183 196 175 65 132 175 209
189 179 66 159 210 6 7 54 61 53 141 159 48 88 35 109 223 133 7 59 25 222 212 24 150 206 255 169 81 198 50 232 240 19 7 154 157 108 171 113 245 221 145 211 44 1 24 139 44 41 157 237 212 110 247 75 242 69 144 153 58 93 151 246 166 20 165 152 136 252 106 62 50 134 248 201 91 70 63 66
167 134 212 172 169 98 18 154 139 109 205 51 24 152 196 199 216 84 253 152 109 228 93 163 44 2 192 21 12 202 120 174 214 146 101 190 144 175 105 73 41 178 223 31 77 63 155 201 184 7 253 32 60 225 187 249 65 120 24 154 184 213 30 189 103 163 149 199 125 240 207 141 63 145 3 114 199 152 254 210
159 117 73 25 144 230 99 180 31 56 158 85 192 1 15 216 5 218 94 76 87 69 8 206 224 144 46 92 1 122 146 208 110 106 60 88 81 51 180 88 151 148 100 21 2 52 124 194 9 231 200 167 26 127 233 219 37 25 97 223 42 247 109 149 82 11 106 142 173 246 200 58 175 161 183 206 145 47 92 216
152 79 75 31 136 68 188 251 243 216 123 172 86 217 137 97 164 255 132 91 106 98 246 195 201 246 10 138 189 236 156 42 36 193 107 104 112 36 199 78 224 184 193 198 28 237 55 167 11 250 192 143 89 235 41 125 105 198 41 74 101 72 137 226 246 221 123 151 47 17 105 204 146 150 129 151 136 52 92 220
78 3 100 104 58 122 147 26 29 162 212 177 139 151 106 254 24 249 199 58 48 237 165 111 247 20 58 232 40 101 203 73 132 25 77 3 201 202 10 227 74 124 230 158 75 63 57 213 85 62 243 236 171 176 220 96 74 225 218 115 188 182 92 180 193 59 30 16 207 159 231 14 36 217 191 193 39 213 231 99
3 251 119 225 197 150 146 126 222 226 114 53 31 196 127 216 252 14 96 134 169 72 164 248 228 29 9 61 169 255 66 29 213 34 94 157 55 178 83 100 105 44 109 67 130 123 81 22 173 209 130 225 196 103 226 68 177 230 116 164 88 252 214 32 163 0 190 10 179 81 57 46 76 159 199 212 133 245 13 37
0 44 50 130 73 76 165 123 58 194 243 205 97 12 201 158 205 245 189 250 30 14 134 11 104 235 194 221 7 17 15 3 125 138 80 146 137 239 82 57 179 127 37 75 130 123 119 254 163 65 93 172 105 136 200 187 160 131 77 158 241 68 226 86 121 234 247 203 65 155 20 118 18 117 203 65 243 43 202 68
237 35 202 18 212 76 138 247 79 156 201 65 199 51 120 173 216 48 73 225 243 137 141 179 114 51 40 115 51 143 62 48 10 120 154 211 41 117 28 240 209 1 16 70 6 132 137 228 40 87 140 214 237 138 48 133 87 21 151 24 38 229 220 99 73 174 163 245 82 58 145 137 213 59 127 149 162 202 221 236
182 253 131 27 14 196 224 38 206 190 109 252 83 5 110 69 112 199 117 79 39 86 70 158 127 183 238 204 8 74 109 242 16 196 135 245 43 98 184 36 31 17 129 191 167 57 122 96 27 74 126 47 234 36 250 168 126 169 236 66 167 223 64 86 126 230 8 159 53 51 19 85 36 11 14 227 123 37 48 182
116 128 58 84 19 69 234 66 117 3 128 95 110 105 116 60 159 34 200 136 158 92 199 99 12 245 203 58 40 58 88 10 78 225 13 149 76 230 34 178 95 187 212 247 252 56 16 236 25 106 100 53 111 12 240 34 25 146 29 72 223 124 53 167 41 190 90 240 134 121 186 138 173 203 61 39 55 141 114 119
250 111 190 112 215 95 19 215 184 17 204 0 22 45 212 128 90 74 156 85 151 101 195 53 41 113 104 190 11 110 66 66 154 72 114 247 241 42 22 215 78 185 172 88 88 180 93 36 123 63 63 1 224 149 196 84 182 118 230 41 15 211 34 202 122 208 17 10 173 80 142 63 27 172 186 86 40 146 228 208
121 141 138 53 176 196 188 216 10 134 191 111 226 40 13 80 157 86 52 165 83 139 207 96 161 173 124 184 23 125 251 136 91 39 122 70 73 235 22 43 173 50 18 95 236 171 31 51 33 153 159 162 53 121 142 31 101 90 89 227 125 207 73 41 159 71 251 91 93 225 222 94 42 101 86 167 56 3 166 241
89 134 35 184 9 53 124 201 94 33 126 242 216 140 192 142 239 187 39 45 26 175 120 93 185 17 169 27 147 147 135 235 138 22 167 95 198 177 21 129 247 242 86 150 195 170 79 222 224 16 44 68 125 254 193 104 174 132 251 124 23 214 25 145 250 70 203 94 32 86 0 227 204 18 9 11 205 6 176 169
76 190 98 47 95 175 42 169 191 4 157 127 198 200 93 105 231 155 127 171 75 222 94 213 184 197 184 144 127 110 142 127 135 138 20 92 79 234 155 156 194 182 158 92 210 226 78 210 86 130 241 206 212 221 85 214 191 7 36 248 111 2 254 236 24 218 104 171 113 238 245 133 11 209 170 86 177 100 14 26
112 199 80 231 78 211 251 107 57 155 193 144 235 227 230 247 118 217 143 252 155 63 29 223 24 108 252 89 60 192 79 226 56 223 42 183 50 33 103 133 237 116 205 221 163 230 60 117 227 40 245 176 110 89 178 64 108 197 25 182 216 169 198 123 25 153 89 245 220 225 147 202 83 164 127 219 12 56 223 79
87 175 32 182 253 120 67 185 156 101 160 109 48 215 60 53 140 184 211 217 254 55 137 253 192 36 214 87 82 91 145 134 119 254 37 208 78 227 52 251 86 118 199 50 64 238 222 201 72 58 39 105 150 34 223 118 147 199 164 83 83 9 168 137 72 45 140 225 61 200 41 182 76 98 102 192 223 3 173 53
73 61 116 171 220 253 129 203 61 224 28 100 77 99 85 116 35 240 138 1 72 63 114 155 187 176 178 220 2 98 226 206 117 68 114 152 206 131 78 49 241 234 77 158 209 128 13 118 7 181 95 90 213 113 164 17 54 247 166 40 130 3 196 1 189 203 85 189 210 230 43 192 125 210 197 65 8 54 198 81
70 241 41 166 192 75 210 54 215 138 143 255 214 59 39 27 21 19 17 71 164 168 51 49 207 172 102 124 81 21 179 98 30 175 9 182 182 210 239 193 127 189 98 56 193 145 187 19 22 240 140 8 94 184 179 108 238 104 120 36 247 233 154 247 204 102 116 21 232 43 222 124 104 171 180 172 232 45 131 96
187 50 52 213 80 27 220 80 218 38 86 90 133 99 213 177 241 6 177 145 3 88 133 240 187 105 240 125 30 151 112 151 0 170 102 141 131 94 118 49 177 94 163 85 51 99 17 164 187 232 153 41 100 105 18 36 240 150 92 198 16 209 91 100 72 247 124 89 55 182 98 191 160 19 218 19 111 182 249 207
173 167 68 86 158 129 0 163 70 253 115 6 224 93 38 87 85 122 32 189 169 40 71 229 167 130 244 128 240 128 91 55 157 151 16 217 231 40 52 8 9 103 137 49 207 120 228 69 232 153 141 206 74 167 208 130 201 196 241 105 249 92 180 28 37 204 176 91 96 164 221 114 242 98 164 216 151 181 150 12
243 44 188 61 55 30 74 171 178 237 228 251 105 108 226 248 217 1 254 58 80 48 55 215 116 23 14 1 110 21 217 58 35 205 58 56 10 186 189 145 232 142 96 29 219 227 25 87 101 174 111 37 62 218 146 214 251 79 245 78 139 229 113 196 4 107 36 5 2 12 19 68 245 113 112 26 30 103 75 188
85 115 79 158 107 228 1 70 237 35 85 149 223 32 205 19 35 197 11 132 27 232 75 182 51 24 152 61 120 80 135 156 4 204 56 159 14 114 243 213 59 15 151 216 76 24 151 31 246 223 64 218 14 49 206 106 53 188 71 118 193 43 146 109 240 94 126 198 215 112 168 155 144 142 95 130 140 72 114 30
110 71 161 31 155 125 184 104 15 87 72 79 252 86 142 143 218 98 65 137 84 244 11 75 208 227 214 58 92 199 181 175 216 55 42 171 77 217 247 54 182 196 178 135 28 43 181 41 69 140 97 151 24 94 241 119 39 116 22 127 198 17 181 210 77 149 107 176 125 112 177 235 38 100 131 73 64 218 132 168
97 211 91 31 41 183 86 95 144 72 236 25 188 249 101 17 124 209 255 40 32 227 73 211 156 161 246 216 251 110 96 128 92 174 212 64 221 220 99 213 156 42 174 71 226 208 99 40 209 32 91 59 90 33 142 211 227 168 172 186 130 225 176 16 120 73 243 184 206 88 23 151 71 184 147 16 136 68 240 123
141 63 47 153 40 56 74 44 234 176 195 169 250 34 179 168 157 92 112 163 217 159 223 17 123 149 132 107 128 121 55 240 126 3 165 60 80 39 240 237 152 195 99 131 9 38 118 73 193 80 38 95 240 96 65 21 194 88 219 172 189 237 96 136 52 140 221 143 233 186 95 49 42 200 150 150 247 228 197 160
90 53 28 116 193 244 172 0 101 232 62 80 125 49 230 54 236 226 105 146 94 28 181 179 255 171 36 195 181 80 64 57 147 52 222 6 140 70 82 128 186 197 138 17 62 23 25 24 34 167 168 104 128 52 12 163 195 190 205 172 61 148 226 151 96 117 142 85 228 124 17 66 202 11 105 173 185 100 115 204
18 194 244 110 73 181 198 200 183 240 207 90 82 224 50 29 153 28 175 171 8 103 28 132 73 22 252 117 113 125 254 102 94 154 36 58 101 250 247 245 209 28 8 240 123 36 127 155 59 18 172 20 10 241 181 67 84 225 172 250 78 223 113 146 215 34 96 50 221 192 212 80 232 143 117 53 63 28 164 179
19 90 18 120 240 43 139 38 208 23 72 202 7 80 241 72 75 135 123 127 85 82 159 153 88 9 16 193 195 235 238 17 85 1 215 130 239 167 76 226 122 42 230 63 157 175 209 205 31 60 131 35 126 65 108 208 72 139 125 13 72 168 178 55 249 149 78 41 33 126 246 55 95 149 62 219 150 30 73 190
160 24 50 140 107 48 35 89 68 154 201 234 132 82 180 221 233 0 122 198 84 198 128 229 59 158 52 50 218 0 56 21 13 184 202 214 206 180 80 218 2 28 136 47 101 22 150 201 171 17 0 36 207 157 30 63 59 170 117 162 231 222 45 13 37 58 111 83 66 54 53 241 106 126 11 150 16 228 93 97
100 177 206 68 232 231 118 184 118 248 96 91 116 169 161 27 202 63 11 117 238 253 101 247 211 115 231 33 49 48 138 39 145 200 121 246 52 189 50 217 85 244 253 50 109 65 137 179 52 143 243 157 8 134 137 126 76 116 249 31 7 99 38 172 203 42 155 100 126 227 0 224 184 165 116 68 111 67 123 247
91 181 244 135 145 94 116 8 233 74 149 75 239 249 164 238 114 252 83 3 218 248 243 185 111 84 116 54 206 249 187 217 225 33 242 239 252 142 69 28 92 54 30 95 197 241 83 225 111 79 103 188 24 135 234 8 230 37 27 73 53 84 87 48 241 174 170 219 147 183 225 70 140 144 169 44 240 171 195 212
103 168 185 210 192 190 64 226 131 29 110 87 131 36 23 2 184 46 234 36 90 115 252 240 96 45 112 89 103 248 208 78 38 239 134 240 203 248 186 212 179 208 119 220 72 42 0 251 38 144 26 169 221 234 6 165 45 4 56 80 224 73 42 66 189 12 189 198 14 95 44 191 128 66 183 21 62 98 115 245
87 131 137 175 154 138 135 120 201 29 110 18 172 140 80 212 62 110 19 127 154 250 127 43 89 195 106 192 177 208 165 107 70 138 151 78 249 34 197 78 106 62 73 183 9 172 200 155 229 249 198 185 184 60 185 186 32 14 18 119 69 91 124 58 205 192 68 30 241 91 45 3 175 156 171 188 101 90 179 192
77 21 133 29 55 4 59 157 190 103 2 201 140 48 27 140 253 146 98 102 221 3 246 203 63 34 74 95 253 104 107 86 34 202 4 43 90 185 180 46 202 190 0 18 9 57 60 143 20 189 212 104 248 67 166 225 83 210 138 11 252 64 240 38 103 174 197 24 84 158 209 207 1 252 239 97 56 14 99 107
78 199 134 225 77 133 120 140 79 188 77 25 20 146 42 228 137 251 108 124 3 78 199 163 61 65 196 239 200 112 66 138 122 171 5 231 16 205 118 80 139 147 219 164 138 23 109 167 132 199 75 152 169 24 207 125 121 160 222 5 212 248 48 23 84 53 184 42 77 231 108 26 92 237 239 14 104 82 65 122
18 103 170 224 17 116 181 119 214 197 182 23 96 241 130 88 252 151 244 199 213 95 70 67 232 9 26 54 66 102 157 38 170 43 64 131 205 64 48 221 203 197 102 20 155 96 44 15 239 100 132 247 230 162 224 104 239 123 167 62 124 233 195 19 170 136 156 84 194 6 102 213 141 197 142 250 88 153 42 138
200 100 36 110 115 254 244 253 226 26 28 153 47 137 41 169 112 65 81 121 252 87 26 14 2 132 248 215 216 220 41 154 85 110 188 74 185 203 34 109 124 128 137 51 115 182 159 127 170 79 100 157 119 141 51 217 122 205 42 99 146 159 177 201 117 173 210 18 154 122 161 92 16 238 104 61 232 129 148 16
149 26 165 140 25 119 152 145 112 11 234 31 4 83 30 10 228 165 37 92 176 122 104 110 167 161 171 44 157 124 159 100 7 61 123 254 48 123 253 4 241 96 169 208 234 149 237 54 138 24 127 160 214 103 158 22 191 124 95 80 97 30 212 30 178 111 75 130 164 208 127 182 41 181 59 155 111 23 59 11
118 231 36 244 134 55 34 103 112 172 173 73 29 148 20 173 139 38 57 74 225 72 42 101 67 244 104 32 50 5 119 228 109 123 118 31 29 49 77 180 16 126 65 95 241 84 236 10 46 148 25 252 113 242 199 192 208 107 125 245 0 106 141 179 175 195 146 84 138 93 110 82 137 59 126 88 238 139 227 21
177 29 15 61 26 179 214 29 221 32 207 84 116 23 140 69 161 142 89 110 156 233 212 192 102 254 54 150 212 66 114 95 136 114 199 143 3 102 175 189 171 147 178 251 241 237 105 0 144 214 23 233 130 78 135 69 78 106 83 117 190 8 87 134 180 70 152 128 214 226 128 251 110 61 96 139 219 113 158 96
19 118 60 138 247 142 207 152 128 132 246 161 205 165 167 81 221 60 10 136 177 95 82 206 183 148 202 30 67 93 23 147 87 60 118 169 133 196 101 48 26 143 69 231 91 62 71 254 126 245 104 117 165 137 193 195 97 188 174 230 80 181 48 127 41 180 87 116 208 11 15 58 70 105 78 141 48 178 218 96
195 95 59 79 86 69 161 226 67 93 49 28 76 223 3 64 3 133 214 37 119 44 149 153 133 8 148 16 143 215 170 29 117 194 121 75 138 149 80 197 239 44 183 55 166 178 210 43 227 76 206 141 129 251 61 42 138 69 193 200 110 74 255 191 45 50 62 164 106 224 160 28 94 21 205 204 120 17 20 41
147 28 42 132 252 215 214 180 207 116 143 236 69 24 138 235 196 202 237 175 181 251 125 22 165 40 233 92 10 26 118 39 102 33 116 91 233 3 140 216 150 255 158 140 176 57 227 113 69 123 186 219 68 163 241 34 203 12 212 205 119 116 99 120 206 86 250 74 147 202 30 200 26 21 249 87 44 0 130 187
168 137 235 138 5 102 114 189 126 26 80 110 128 242 132 140 140 212 199 24 98 225 17 134 94 4 0 150 46 117 219 228 139 31 28 155 60 172 145 174 198 223 35 169 31 138 50 73 96 192 98 211 188 125 197 1 83 191 230 223 125 28 235 166 185 113 232 127 105 84 24 148 44 35 58 115 96 20 186 5
0 216 111 244 140 144 136 117 160 142 246 238 166 180 14 210 4 171 244 227 105 119 59 95 108 59 162 214 148 160 229 140 191 242 108 187 35 142 188 120 150 103 115 40 67 190 85 168 95 142 96 163 20 242 71 23 232 59 15 81 92 78 124 230 253 130 63 40 228 34 19 41 24 69 197 2 169 0 55 168
83 233 96 204 160 186 177 88 160 37 133 88 187 55 197 51 161 223 74 1 24 251 243 131 219 181 14 79 33 229 165 104 120 106 80 93 33 150 26 90 179 87 130 21 239 54 180 50 82 20 126 157 108 127 145 188 95 112 101 253 46 142 229 77 245 52 115 161 163 205 91 167 136 42 248 205 95 22 233 13
124 172 197 138 177 210 59 129 201 231 12 102 116 144 49 74 76 117 149 239 132 229 162 26 189 177 202 122 175 54 203 229 23 5 150 177 6 115 89 95 133 35 238 90 75 19 80 229 163 222 146 119 141 187 248 1 56 65 94 176 79 52 231 7 168 250 86 137 43 164 112 93 104 186 247 201 46 164 71 59
171 125 233 166 40 123 4 24 82 89 61 136 131 31 206 76 19 78 24 40 158 91 248 100 2 38 79 41 105 39 56 130 190 102 165 55 138 116 14 8 42 211 53 229 127 141 231 96 112 251 239 188 148 110 255 126 166 238 127 200 247 100 134 179 56 109 226 110 196 141 68 224 62 95 62 61 233 61 88 143
196 56 149 145 68 92 161 48 11 72 236 144 8 98 173 9 82 235 230 195 84 63 161 111 10 136 9 186 225 64 250 42 231 134 127 141 117 190 202 63 217 190 94 45 188 115 201 230 61 215 144 157 164 66 198 243 48 99 72 192 72 211 135 106 64 76 39 131 64 1 93 75 22 221 204 81 13 10 192 20
139 138 98 104 191 129 235 41 170 126 89 44 33 134 244 217 245 160 124 192 246 16 91 235 86 215 36 93 111 231 190 195 178 25 70 9 185 158 127 146 201 227 104 218 212 177 232 71 203 38 128 78 90 28 132 112 30 147 192 29 40 54 12 114 65 133 128 145 218 241 85 32 198 143 103 180 96 23 4 150
135 180 34 20 15 169 91 44 197 58 246 15 117 170 176 12 49 181 37 50 159 194 181 145 66 69 147 68 217 18 147 144 128 5 110 14 15 164 128 243 126 170 111 140 142 186 228 85 80 121 74 193 158 147 189 49 106 229 107 126 188 93 90 177 245 151 37 92 161 178 217 91 171 250 73 204 155 215 213 63
206 231 135 239 203 152 151 105 15 253 93 39 252 4 63 46 2 243 164 217 222 117 81 96 3 142 75 131 136 204 104 198 103 150 231 34 190 79 82 10 137 254 147 143 18 124 111 175 240 177 220 152 93 170 227 244 188 215 109 150 206 242 109 35 16 89 111 228 72 79 127 68 49 153 30 199 67 20 108 84
202 195 141 152 20 67 21 189 82 76 238 54 219 214 196 222 36 32 179 5 61 80 112 111 185 201 137 17 111 38 161 6 188 96 27 143 42 174 187 4 87 21 67 85 201 217 18 245 81 141 210 148 156 134 183 140 177 92 146 12 182 68 2 12 213 171 142 118 203 125 250 205 181 157 210 29 238 25 209 178
91 190 116 182 77 151 133 65 32 200 239 139 212 126 236 227 112 8 192 23 135 36 106 133 57 250 115 160 218 46 41 244 132 226 11 1 205 1 66 222 146 189 8 187 92 27 60 57 31 134 24 198 43 199 68 159 136 168 130 175 218 59 36 135 35 142 16 78 223 119 106 224 188 73 88 31 58 227 4 193
99 121 103 15 150 200 131 124 80 20 215 242 132 105 177 233 97 195 185 167 50 187 19 97 172 241 11 162 99 60 186 26 24 124 251 26 169 112 159 169 59 44 156 14 200 144 124 62 10 127 141 222 174 12 106 167 122 133 227 27 96 202 172 243 209 60 131 239 166 210 192 76 124 13 132 85 51 247 14 161
13 146 233 226 250 116 118 91 206 160 161 88 189 50 250 148 178 191 109 92 31 242 77 244 73 211 228 126 88 243 224 3 245 239 189 111 19 18 236 141 98 88 30 237 203 62 28 122 22 242 18 36 37 15 42 11 227 193 78 101 217 148 175 181 250 121 68 229 124 47 120 16 108 161 60 70 11 135 131 98
45 187 242 100 118 46 232 176 67 184 144 39 254 114 254 69 166 120 220 215 147 105 148 163 153 60 143 92 35 232 33 236 128 97 151 222 181 176 71 71 124 128 196 153 76 53 145 181 22 47 233 130 242 47 104 222 17 55 236 75 56 45 180 248 255 64 67 167 139 123 50 131 131 235 27 200 130 250 157 100
5 8 36 110 112 219 202 213 228 126 80 10 188 189 123 187 93 228 17 156 119 150 255 198 229 52 114 176 17 205 255 92 48 71 75 89 134 209 111 23 200 160 163 253 123 8 196 173 228 208 221 194 181 158 44 186 226 120 71 88 73 255 114 134 6 227 234 130 89 60 205 10 82 80 85 92 85 9 43 211
171 187 200 208 143 85 69 40 233 33 237 164 45 176 115 169 239 175 226 153 228 170 27 111 200 191 47 48 192 175 76 139 240 54 47 2 240 207 147 39 208 213 212 85 212 161 238 136 150 204 201 135 226 74 119 1 226 115 193 72 5 173 38 120 144 150 54 185 69 0 81 199 106 10 193 142 223 46 142 4
103 74 254 185 192 14 38 31 68 2 50 208 240 220 140 132 114 91 123 230 130 38 191 59 21 1 232 201 245 108 69 53 174 141 3 187 52 25 69 10 2 53 121 15 137 244 180 254 78 202 218 208 223 135 80 88 103 208 125 213 212 197 183 214 72 31 45 209 145 151 243 104 184 211 98 201 13 93 228 215
27 189 131 247 123 225 86 38 220 184 100 170 120 162 165 211 105 71 38 31 88 27 45 162 8 83 43 13 84 220 95 198 98 230 104 243 174 93 236 206 197 20 20 145 59 30 253 241 93 161 238 143 230 58 95 84 129 178 199 127 220 214 11 15 130 220 152 143 41 241 243 125 242 231 186 61 163 173 83 33
34 109 88 42 21 233 251 145 115 9 7 154 96 78 123 105 175 127 173 196 22 171 3 239 114 158 0 183 72 151 180 215 234 70 227 138 132 132 34 15 60 177 95 184 103 144 211 251 255 110 248 154 1 181 121 121 136 101 102 91 165 190 115 237 108 213 104 186 224 156 128 63 144 169 121 198 25 129 36 104
44 214 121 105 122 194 162 57 104 57 138 239 54 103 23 117 216 75 152 112 129 165 252 186 25 226 125 16 38 120 232 185 159 108 209 173 40 40 158 212 24 203 77 6 159 118 120 111 168 154 55 114 77 198 64 100 222 72 18 129 224 233 40 209 200 106 198 113 100 96 124 191 80 16 86 47 172 69 97 21
10 0 109 49 193 24 150 26 165 117 40 45 120 32 59 207 157 59 78 82 216 191 41 8 19 99 95 170 47 116 66 119 45 165 255 37 172 147 164 246 82 214 220 168 168 114 237 207 162 234 245 153 192 251 37 254 200 237 201 28 117 249 78 168 36 147 222 37 138 200 23 174 4 254 36 145 231 248 203 128
6 157 42 124 133 220 42 245 226 207 190 159 32 177 75 122 158 14 19 54 97 1 125 89 99 186 12 164 121 186 191 111 132 216 166 192 29 112 60 41 41 210 195 171 17 111 180 97 249 63 95 180 168 207 41 106 45 91 18 40 208 143 38 16 182 237 181 127 114 244 73 226 144 186 43 93 235 142 152 68
136 176 53 216 138 11 238 55 181 247 140 145 250 246 49 239 235 107 177 107 135 86 188 169 58 143 189 130 168 87 94 37 162 209 135 153 209 175 115 136 123 114 149 45 231 143 241 49 80 248 221 149 40 214 252 59 226 116 2 43 28 60 244 54 10 109 120 81 217 169 102 204 147 196 153 29 102 161 202 126
54 7 133 62 199 4 231 143 37 38 134 120 166 244 195 227 11 145 174 62 108 131 36 137 168 14 218 129 155 29 241 255 145 173 71 245 255 94 252 118 207 103 144 103 145 52 146 55 80 14 156 158 23 2 118 34 156 25 204 201 74 236 162 105 247 3 131 9 15 93 71 202 254 48 6 172 252 135 29 8
1 21 204 175 94 26 245 164 17 108 211 252 222 125 172 173 138 216 43 137 186 198 88 208 77 237 43 249 167 164 39 248 53 76 72 218 74 140 54 105 93 38 76 70 240 111 127 117 133 86 177 25 74 194 67 51 235 157 108 74 173 122 153 243 82 248 5 35 22 168 163 220 233 141 153 140 235 225 167 21
14 232 92 96 114 95 24 19 23 191 245 214 178 34 218 113 215 217 59 113 22 44 169 255 47 123 80 15 120 122 226 113 110 126 38 114 74 148 80 132 250 9 251 196 59 192 180 53 23 183 104 200 126 243 226 175 40 16 239 208 86 109 93 225 187 132 2 114 180 97 139 132 96 62 57 235 94 31 232 219
216 226 26 139 232 248 111 23 131 181 68 194 116 209 103 232 121 236 155 20 119 5 47 42 78 96 166 72 247 154 110 224 79 231 138 241 10 199 96 131 67 108 34 158 150 50 133 248 58 220 119 236 149 187 107 237 133 75 4 167 21 31 200 207 47 179 172 229 239 216 79 8 82 226 42 49 250 85 139 86
67 233 16 212 156 230 225 171 150 126 112 184 32 83 215 74 125 117 8 18 45 93 53 237 95 64 226 156 77 173 245 84 45 117 138 213 178 188 67 127 11 33 245 0 221 69 97 88 255 172 22 222 61 232 196 191 168 28 101 180 235 96 151 57 76 179 119 239 192 115 153 76 33 138 205 221 251 208 148 237
161 122 154 116 204 126 19 238 66 0 182 252 140 64 249 234 40 173 103 17 234 181 65 100 149 76 32 107 183 196 211 45 235 64 184 196 96 117 5 111 51 8 97 201 41 179 231 142 43 159 78 77 55 155 137 195 230 167 199 16 246 232 218 204 88 121 115 72 203 42 127 136 137 199 210 200 77 152 67 65
192 231 182 81 221 45 123 7 144 85 122 116 174 137 51 195 247 183 130 194 237 9 147 172 248 35 133 126 171 212 63 77 111 196 155 125 123 160 236 60 142 116 241 20 171 182 145 3 14 118 42 38 205 8 227 129 206 5 185 238 78 149 120 107 125 175 169 48 115 184 199 121 1 234 148 207 89 157 145 234
233 220 236 77 92 49 20 124 210 235 89 223 135 165 195 29 235 243 25 182 34 172 72 208 96 118 252 175 49 89 100 208 99 137 41 172 119 250 210 195 95 190 34 33 90 152 236 193 88 48 41 240 36 98 4 169 154 142 158 236 224 136 218 50 243 61 148 227 9 89 232 71 95 91 108 193 135 242 228 153
251 164 196 79 186 131 3 224 252 223 177 159 113 234 130 35 163 85 166 166 205 145 144 82 17 189 224 39 245 4 243 123 60 166 157 71 115 196 88 34 78 176 43 20 202 196 91 131 82 214 126 12 14 230 223 141 112 151 62 235 183 0 105 107 184 68 16 80 88 153 18 197 189 241 96 120 112 146 89 105
217 91 41 172 195 131 226 12 94 67 118 82 202 150 112 94 71 7 223 228 147 141 250 81 2 197 68 46 184 188 232 10 3 73 12 251 163 246 91 207 87 185 140 80 55 126 159 183 37 220 165 105 101 171 83 61 49 101 59 176 1 34 129 78 100 119 206 27 83 101 72 24 139 167 16 32 25 167 71 154
42 246 217 162 26 168 95 68 17 232 101 115 145 236 103 155 6 76 33 145 138 94 169 121 42 44 35 186 117 164 26 169 181 175 15 192 108 19 167 189 44 192 236 137 248 53 15 165 100 118 65 200 203 236 40 136 64 166 246 113 111 226 192 130 169 239 169 113 207 255 110 102 160 52 40 163 153 87 43 202
114 202 184 124 166 162 153 194 84 10 216 192 173 143 100 1 157 11 28 190 208 199 124 5 104 69 230 119 172 139 28 184 214 84 59 147 145 222 198 82 219 233 31 175 221 174 200 197 187 18 224 180 138 180 110 39 65 135 143 74 182 189 191 231 198 8 172 105 134 25 57 101 117 248 23 195 56 31 238 23
60 247 97 24 251 122 89 97 236 12 114 148 77 48 104 99 22 89 236 229 48 182 62 43 104 23 23 251 10 53 41 191 210 48 114 200 241 36 146 141 94 62 232 141 106 3 169 180 43 100 118 25 203 65 120 99 66 115 239 184 160 16 171 36 179 194 92 28 49 3 63 26 143 109 155 38 77 96 226 1
207 100 69 201 193 150 129 108 219 125 173 100 180 121 126 108 11 85 175 95 83 79 55 137 125 21 206 16 137 48 200 60 81 90 55 12 171 20 113 243 38 76 167 97 139 172 99 39 149 140 232 55 158 152 106 130 203 133 239 28 110 57 54 61 78 163 212 164 163 164 46 159 108 141 119 214 25 143 251 192
216 214 214 223 232 62 252 120 182 70 26 49 169 10 167 210 250 8 250 125 245 54 46 85 33 20 254 113 183 212 192 104 134 161 30 127 224 177 155 122 96 190 167 31 236 191 25 167 19 166 240 51 52 158 130 80 130 13 7 215 212 228 129 113 33 103 75 174 25 241 183 173 125 62 35 190 239 64 241 27
79 137 138 193 17 71 65 170 166 126 109 118 10 41 71 176 11 134 184 236 75 149 246 125 28 248 96 61 235 214 241 88 154 253 95 209 183 76 192 82 9 182 34 229 195 5 224 94 101 234 155 80 59 68 189 28 230 104 174 109 30 182 124 231 189 102 7 255 161 228 142 51 13 191 194 189 58 139 177 28
230 28 82 202 136 14 91 47 85 136 211 241 141 112 206 202 23 145 225 250 172 188 219 187 146 248 191 131 245 233 81 74 123 61 153 206 126 222 25 245 231 77 113 217 227 130 182 249 127 56 18 42 242 111 246 40 70 218 125 100 128 62 135 214 127 204 17 169 83 59 33 187 227 130 153 191 114 170 49 93
42 143 163 171 211 51 184 211 69 124 213 110 253 69 153 228 140 37 219 87 220 213 9 210 48 208 120 187 129 220 207 136 56 208 132 79 71 206 230 49 29 78 246 128 179 124 86 252 95 92 90 167 64 196 194 98 90 95 124 149 83 208 224 26 79 187 105 113 67 243 141 145 83 195 29 143 135 215 82 221
132 164 37 77 29 86 180 136 230 17 29 36 46 184 158 103 20 167 245 43 93 20 82 88 50 224 145 43 241 74 77 76 176 77 39 173 209 212 181 253 31 62 159 218 76 183 2 172 247 60 50 234 248 138 253 104 94 3 57 137 87 14 86 177 84 204 16 137 53 2 189 180 105 248 122 26 197 121 129 134
90 59 19 151 230 35 209 30 228 54 152 95 199 70 169 57 135 150 223 2 17 162 251 51 155 108 14 156 32 101 42 17 145 144 50 249 154 151 21 172 4 233 127 213 108 223 251 90 137 122 86 100 175 114 228 147 57 9 5 213 158 108 117 104 122 96 242 43 108 85 202 1 99 115 91 74 169 38 14 98
247 149 190 11 94 180 162 137 255 224 18 124 36 13 243 164 139 84 236 47 62 15 182 55 157 221 195 99 252 130 5 165 166 163 105 28 64 115 217 225 170 134 199 156 253 214 159 90 82 180 158 25 19 177 213 34 226 155 183 100 43 131 2 225 186 126 20 144 116 247 45 213 46 22 59 161 195 233 152 32
164 7 249 72 235 155 219 106 18 255 239 230 10 255 76 81 143 237 188 249 127 226 103 68 16 194 160 38 147 75 62 249 168 23 1 83 32 141 110 152 22 15 102 14 31 164 203 108 192 186 225 117 45 158 225 188 43 166 13 29 175 122 120 60 187 37 27 241 136 171 80 203 149 198 54 69 9 55 30 137
191 56 113 196 200 83 2 179 46 254 55 219 58 36 124 69 100 232 225 16 201 61 219 241 188 172 61 192 91 235 32 228 207 255 127 21 201 43 93 5 40 120 135 153 117 169 9 184 148 44 176 226 197 139 234 8 237 152 203 248 79 249 218 100 127 118 215 207 212 28 226 253 207 153 220 80 67 163 158 171
139 11 77 164 214 247 106 2 102 156 19 40 53 100 140 90 245 116 31 191 212 182 115 155 250 34 58 47 111 230 177 205 143 131 53 185 122 158 108 181 68 217 195 209 41 37 241 61 249 132 96 109 228 155 89 18 74 192 71 164 108 51 245 1 112 92 92 25 74 246 111 23 116 116 220 130 196 177 104 85
122 130 146 74 189 124 30 190 235 73 181 180 246 115 113 124 255 134 141 220 54 19 180 32 178 197 177 50 231 40 85 212 68 124 87 167 66 122 202 71 136 193 239 91 14 199 239 227 186 109 148 16 77 41 35 34 210 19 68 132 210 73 156 114 20 252 128 215 88 217 99 164 95 227 190 64 135 178 195 39
248 118 156 24 139 244 239 219 189 46 201 152 100 94 85 75 247 128 74 93 106 0 18 138 14 203 218 97 134 220 235 9 12 8 94 164 119 161 159 241 233 29 127 228 96 189 93 133 180 18 167 93 177 86 72 100 157 15 226 151 228 0 175 236 107 60 22 65 215 242 119 252 22 99 20 231 145 41 50 216
44 69 104 34 86 66 80 230 119 213 228 91 7 221 153 11 196 222 66 134 66 255 238 23 50 225 154 169 207 80 172 240 231 237 174 159 3 224 25 197 17 249 241 159 66 212 101 96 231 149 94 116 189 105 34 6 105 3 20 174 138 207 145 120 70 142 111 199 88 85 146 211 112 48 139 60 61 35 117 171
222 139 41 233 223 250 75 115 17 245 235 172 52 69 97 197 87 81 67 193 200 137 74 14 183 98 212 95 137 91 44 67 21 151 12 218 126 89 249 79 28 134 6 38 197 26 101 148 40 90 254 150 20 181 147 89 173 73 61 51 39 154 131 204 188 207 33 135 19 101 217 241 232 75 73 128 109 1 208 184
115 41 182 234 226 227 33 133 188 116 76 252 172 155 159 205 153 30 20 62 166 42 226 12 247 221 143 113 131 11 200 139 126 40 218 186 152 196 213 162 67 73 107 177 120 106 62 20 114 40 190 57 51 61 181 106 77 206 67 63 212 81 168 175 69 54 6 235 24 69 117 224 104 194 36 1 127 93 164 244
39 158 212 141 158 26 71 204 24 76 79 11 185 20 96 190 235 8 209 242 73 238 116 141 41 1 162 26 55 209 149 131 205 87 156 103 140 79 26 35 65 137 41 186 114 129 255 129 108 249 146 87 254 13 247 205 161 37 80 126 182 183 235 219 207 44 154 33 202 41 82 232 86 17 38 244 143 0 251 219
44 155 27 51 221 52 53 17 234 122 9 227 48 147 70 90 140 240 18 255 93 50 204 253 88 7 231 74 190 31 59 175 24 32 149 152 169 233 160 158 181 186 35 44 138 58 234 140 11 33 213 213 139 118 199 125 213 232 72 118 247 233 71 130 12 71 189 45 201 187 236 238 42 85 82 68 80 53 212 203
90 177 248 148 2 126 233 6 161 94 11 118 211 39 43 188 116 41 9 46 149 85 149 164 145 8 138 29 236 120 230 23 66 214 215 129 61 33 127 76 35 8 107 175 18 56 95 233 14 188 46 212 106 37 18 126 163 141 47 50 254 176 95 59 25 156 28 26 206 152 148 182 93 137 216 207 147 15 34 230
48 246 122 255 26 219 82 123 225 87 134 187 56 100 143 128 197 177 234 199 199 156 104 52 152 145 25 28 133 69 47 61 62 83 53 119 228 85 36 117 124 79 11 206 8 239 205 173 123 63 126 93 248 249 156 240 3 7 76 71 23 164 29 25 248 57 41 52 78 149 5 104 202 114 54 68 29 147 241 144
134 52 155 145 192 116 211 221 72 2 30 133 233 182 39 168 215 26 250 179 62 125 170 74 254 67 80 233 130 68 5 42 81 175 238 14 202 48 8 226 161 215 25 171 122 88 136 242 169 171 89 69 223 82 53 177 127 235 4 9 195 37 162 66 67 247 2 161 209 31 152 148 32 78 176 227 68 253 253 241
172 124 8 2 253 253 243 65 41 233 118 65 118 59 150 72 69 92 39 173 207 87 126 106 253 68 236 197 169 4 2 38 111 231 79 42 243 163 198 69 248 28 189 218 202 192 248 207 14 93 64 204 175 216 55 248 44 100 171 182 96 40 3 172 106 160 13 114 1 68 24 245 186 57 100 58 206 166 125 144
99 46 37 180 173 55 185 251 37 148 57 64 96 74 206 187 219 44 63 173 198 71 9 225 66 6 250 97 201 158 11 203 136 177 147 46 224 10 227 222 89 106 112 159 145 27 99 152 170 211 124 124 234 15 210 105 81 106 144 218 75 202 99 100 246 122 206 85 106 38 245 39 134 159 127 246 92 91 73 69
52 90 245 134 56 211 186 89 211 194 204 119 250 215 11 232 252 219 8 155 130 80 255 138 208 137 76 208 202 20 180 108 191 169 18 122 34 254 174 36 60 43 162 36 196 157 108 34 195 4 96 180 42 86 18 108 181 243 252 149 96 49 205 192 26 118 159 25 114 50 58 47 228 206 211 75 243 204 238 29
223 105 235 226 30 58 222 44 228 179 27 10 124 191 236 72 102 118 57 158 135 234 75 142 237 43 145 56 213 88 41 203 151 171 60 81 147 228 94 239 54 249 215 198 224 23 150 184 85 179 91 54 224 68 254 87 131 200 168 115 120 244 41 209 4 170 140 11 246 126 163 110 131 163 198 80 101 74 37 187
45 230 50 247 193 198 196 189 163 197 248 244 167 6 45 43 254 63 63 114 112 123 167 192 88 100 219 106 185 8 243 114 217 179 168 134 177 185 116 110 11 161 170 24 56 213 41 175 156 167 129 109 37 98 234 76 208 225 226 38 64 39 253 13 82 12 211 63 93 154 186 252 120 206 123 160 159 14 126 248
175 124 193 87 38 238 183 248 122 45 65 220 101 213 8 203 131 206 61 236 24 87 147 122 56 129 92 33 109 250 247 83 84 151 199 139 136 11 254 0 163 152 213 246 63 116 249 222 104 31 155 117 108 59 35 45 134 157 238 199 116 112 55 74 112 3 193 193 124 199 51 246 168 6 248 36 67 203 80 45
255 188 98 8 40 206 16 238 26 29 65 135 104 186 65 166 111 39 53 58 91 140 69 132 136 85 61 181 184 109 194 57 78 188 201 252 193 60 51 33 15 137 51 201 228 209 40 76 38 254 209 228 199 177 247 214 81 13 84 58 109 9 255 97 125 168 215 195 239 31 155 180 86 118 97 191 110 7 187 75
72 26 66 40 90 240 179 103 239 223 169 147 99 44 82 230 168 81 98 45 123 68 58 179 227 41 243 9 103 55 147 227 123 101 93 136 233 195 223 29 217 48 209 67 94 136 194 108 43 138 59 132 159 107 234 12 62 227 208 56 200 177 151 62 140 213 110 255 64 185 28 84 36 188 209 155 30 182 194 34
117 82 86 102 3 159 122 250 234 143 46 124 109 127 26 159 106 174 123 25 104 53 173 180 26 49 221 3 133 230 98 167 90 40 215 13 196 113 190 250 178 44 162 129 221 125 128 224 153 31 0 63 108 5 6 247 252 227 205 159 214 190 209 22 150 87 144 125 12 59 140 140 63 41 83 179 64 131 112 247
20 102 43 19 223 212 253 215 156 168 73 162 202 1 56 16 165 164 225 191 175 79 4 219 32 68 26 232 228 177 216 237 132 23 25 231 92 231 34 91 35 153 247 124 250 51 58 119 158 110 161 43 157 232 98 208 255 16 186 162 192 172 177 192 132 170 170 109 152 81 106 210 54 13 134 194 136 193 109 159
166 17 255 156 211 54 184 105 242 196 233 83 180 111 45 225 76 202 49 46 39 126 81 169 214 200 199 40 192 195 114 228 57 226 192 18 163 182 48 201 71 209 231 149 7 230 137 11 226 48 77 80 254 79 96 102 204 161 140 97 169 253 111 213 100 238 101 74 79 44 19 148 237 113 52 111 34 190 6 183
188 113 192 224 130 15 114 110 79 31 222 81 18 129 163 104 133 184 102 164 225 21 118 252 8 161 7 96 89 241 118 119 135 58 36 63 180 191 216 76 156 231 170 28 69 125 244 168 131 195 213 93 197 8 13 130 31 138 82 68 204 152 250 130 186 17 139 63 34 114 120 84 124 139 203 165 154 99 217 67
237 65 84 203 252 57 151 149 170 234 202 127 102 37 225 168 60 91 145 201 176 87 149 133 85 126 228 232 50 160 181 231 78 148 72 78 234 156 142 205 15 240 181 55 26 61 254 174 182 4 104 78 220 64 123 174 85 188 115 166 34 82 21 158 166 253 51 136 169 16 108 8 40 135 113 15 93 74 51 180
185 71 252 216 4 126 29 225 186 12 140 228 243 217 190 187 7 139 52 231 157 11 239 218 6 41 65 179 107 147 252 190 100 188 10 212 14 67 41 101 65 247 37 205 5 113 4 108 37 70 252 220 226 120 40 145 250 13 52 177 74 67 111 175 22 123 250 241 176 88 107 251 202 85 215 217 121 38 86 177
78 148 100 247 222 235 189 9 129 162 227 56 97 229 216 236 144 219 192 207 1 137 104 48 130 71 52 226 97 150 183 24 157 165 111 229 174 61 108 15 76 225 0 13 74 0 207 100 156 226 200 220 249 255 190 229 183 114 231 140 20 170 152 59 3 90 26 147 249 69 219 224 214 194 125 85 106 74 138 54
166 28 120 242 128 42 65 146 62 170 186 215 193 230 89 11 245 185 98 215 199 134 77 8 174 149 64 189 65 234 253 124 75 175 72 6 71 248 115 113 44 39 244 92 52 169 7 250 29 116 12 77 196 135 75 242 192 173 41 0 210 190 73 107 229 1 206 84 232 198 212 59 227 162 174 35 65 1 11 13
51 163 23 61 126 63 244 210 147 87 144 163 30 200 88 23 11 15 42 153 16 122 238 26 143 127 115 137 132 130 118 13 19 153 182 253 157 17 154 161 146 119 217 131 188 221 157 205 167 194 11 107 126 148 154 118 152 44 151 5 182 39 216 152 75 143 156 58 233 111 205 255 64 66 52 170 24 95 30 39
41 17 230 223 151 46 200 24 252 81 174 86 82 183 83 212 171 213 7 145 221 75 216 166 83 223 67 142 168 51 156 31 146 32 203 111 30 91 61 69 157 203 167 128 224 55 100 221 196 219 202 97 26 77 250 51 129 168 132 218 18 122 18 157 173 209 225 65 151 69 25 61 141 168 134 236 169 66 132 24
254 173 97 140 166 247 69 201 236 227 248 78 244 238 180 10 252 67 188 228 250 106 69 183 36 55 53 172 252 194 156 219 3 49 115 27 166 238 102 54 104 69 109 233 222 255 74 114 150 142 229 102 65 224 51 148 116 232 172 157 19 48 132 181 95 13 42 243 237 58 214 127 147 123 160 134 97 194 223 6
187 146 250 184 132 51 26 101 69 36 163 64 72 55 156 75 208 52 118 250 240 228 172 92 197 94 161 11 0 101 172 111 105 221 110 19 217 244 103 149 50 207 59 128 85 231 22 58 135 91 191 133 221 158 201 33 157 215 88 194 31 199 73 164 140 205 153 10 190 22 153 78 144 194 60 121 102 252 115 189
179 35 201 248 58 126 154 27 214 252 70 26 31 65 100 101 195 193 221 7 129 69 245 146 8 211 253 247 65 138 198 130 93 219 57 216 112 78 72 173 99 155 45 249 213 48 180 51 94 148 255 124 116 80 187 71 175 99 132 123 102 219 12 47 6 28 185 173 98 179 184 148 32 219 167 157 204 189 62 200
177 200 89 183 248 157 209 196 107 164 84 202 3 61 86 161 172 43 42 152 137 127 232 190 21 4 128 151 182 177 218 81 119 151 163 248 147 0 204 5 250 101 255 5 166 42 71 74 148 152 89 243 15 169 49 202 19 126 174 16 217 194 52 56 88 29 234 201 226 0 216 193 236 115 244 120 19 64 15 61
144 64 78 216 192 34 70 69 109 172 225 50 16 151 177 0 148 126 40 189 217 141 30 142 1 174 69 147 62 229 234 70 52 3 109 74 60 99 102 209 24 32 172 192 173 199 247 243 98 42 219 11 32 232 85 183 145 29 44 111 33 172 120 116 26 90 34 110 12 182 21 126 202 103 113 119 127 167 30 11
172 186 216 201 149 198 144 148 46 158 61 92 121 246 70 91 12 178 199 208 38 4 217 121 219 132 235 172 59 19 81 227 249 35 229 253 47 56 152 115 24 35 137 5 10 99 138 200 164 117 148 177 58 72 31 24 160 78 205 106 48 15 17 176 239 200 167 90 193 119 181 64 128 182 241 146 79 127 246 144
133 137 130 75 205 116 169 218 138 145 107 207 139 188 216 166 148 223 207 80 184 63 112 50 112 88 106 251 247 125 253 173 64 33 203 27 103 66 209 214 79 254 20 40 179 144 37 123 157 51 144 110 4 10 39 208 250 122 7 207 75 113 131 211 249 197 216 73 178 230 99 185 227 11 182 220 20 2 114 204
100 197 198 246 150 217 179 26 69 25 189 69 90 177 186 3 183 226 254 41 78 46 55 60 42 8 114 111 250 206 38 235 102 50 241 109 80 155 94 42 16 24 149 120 23 26 30 235 166 130 73 25 133 56 254 124 142 244 57 174 135 137 78 243 127 242 48 87 23 24 249 218 86 164 253 254 254 249 47 136
54 243 246 184 103 39 230 182 148 62 37 113 109 149 15 221 104 164 143 160 163 66 175 169 110 133 184 72 250 241 91 213 6 194 237 78 65 133 107 32 147 197 150 44 118 128 82 155 194 41 239 60 73 219 221 201 230 143 22 252 252 153 146 234 143 182 102 29 224 95 129 50 107 30 130 240 166 176 117 13
220 52 245 18 7 31 218 6 247 132 50 84 13 195 243 165 190 7 7 169 126 214 19 141 165 13 68 167 48 10 61 153 58 223 137 110 203 80 141 35 134 129 77 55 250 180 138 204 231 42 212 154 187 238 42 90 206 181 96 93 222 78 52 190 40 196 108 186 136 245 120 80 165 148 24 106 216 47 251 22
139 14 35 5 121 106 213 44 181 223 192 236 249 60 5 79 117 212 60 247 1 68 214 172 76 93 44 118 136 145 228 90 124 157 95 95 155 38 3 85 34 81 29 0 117 160 52 189 24 54 33 251 97 78 38 114 239 52 6 53 192 21 153 113 157 145 208 228 94 199 43 31 42 59 35 73 1 150 214 56
19 155 184 127 38 16 244 231 175 206 223 88 57 224 182 206 185 197 250 218 181 149 74 2 99 59 210 212 177 158 153 221 190 102 247 7 35 134 255 108 90 117 93 52 166 37 253 29 190 175 150 121 169 24 128 213 246 152 178 89 98 253 255 143 210 76 129 161 61 36 9 209 250 40 174 195 109 178 175 44
86 24 249 68 147 223 134 175 194 180 248 8 231 108 76 9 24 63 63 2 234 244 145 100 165 125 47 50 62 5 122 47 83 218 115 131 144 239 85 192 88 226 182 81 3 192 105 70 77 124 54 6 172 32 88 254 125 14 255 190 232 115 222 184 136 149 124 185 40 53 170 49 24 226 58 25 7 0 70 227
178 245 105 42 119 236 158 143 247 199 85 142 206 49 125 147 199 212 179 181 10 20 155 191 183 42 85 97 207 207 185 158 178 52 131 77 166 159 202 17 125 161 38 134 103 30 114 18 58 232 21 202 47 65 84 249 148 78 107 13 110 225 36 128 150 10 174 30 45 225 226 7 48 62 178 25 107 50 144 79
17 52 175 70 17 31 192 237 156 146 125 12 78 228 85 145 38 14 141 179 162 205 84 200 26 236 144 115 232 114 165 201 190 195 141 106 240 186 252 197 72 154 29 118 109 158 104 158 23 220 194 251 70 164 199 24 44 192 93 243 82 130 69 181 182 72 92 120 216 154 61 184 241 56 220 131 184 199 166 185
201 206 148 124 70 8 131 128 103 184 99 106 168 134 170 60 140 120 137 216 88 81 141 8 84 24 17 1 229 216 95 148 232 173 96 209 51 57 106 234 76 84 59 46 208 162 67 8 219 0 160 51 82 75 141 204 217 73 20 6 217 35 235 60 123 245 53 194 167 101 34 143 197 189 192 113 87 216 246 33
23 138 178 70 221 16 146 169 184 4 51 175 184 142 78 48 141 77 239 244 131 79 205 231 2 1 200 117 1 106 2 144 166 36 82 120 21 248 127 213 229 176 188 176 0 22 10 131 223 34 253 99 245 244 204 62 183 6 173 95 242 170 137 242 56 38 255 135 111 35 29 105 147 182 232 127 185 68 226 224
110 181 20 100 135 4 24 149 175 144 169 39 75 113 121 160 20 91 205 6 5 251 143 16 68 209 100 23 241 155 183 152 47 229 73 56 46 186 80 38 134 118 132 102 164 33 68 173 142 17 14 255 113 28 32 34 64 237 165 153 126 148 118 207 119 48 221 249 166 212 109 105 164 34 186 62 127 61 91 146
123 50 142 150 84 218 22 120 162 173 39 202 188 78 209 20 26 140 176 71 82 128 104 82 51 177 108 221 136 54 9 175 12 191 217 15 154 24 58 65 119 87 23 71 223 119 243 206 134 3 159 81 154 241 250 51 116 99 138 218 66 76 68 187 199 126 195 8 32 101 122 109 36 211 237 218 181 211 115 220
175 217 179 17 165 203 128 213 67 19 149 128 216 55 81 140 221 178 119 145 238 24 28 52 157 101 241 22 106 49 4 208 143 90 225 27 23 140 66 150 118 194 67 32 146 70 101 118 87 198 121 35 233 55 237 115 41 220 67 206 212 144 141 226 68 16 195 116 72 156 221 221 78 186 73 231 208 16 217 34
61 66 31 95 154 151 77 139 118 135 67 131 56 73 71 125 137 13 44 119 235 107 179 80 53 26 222 251 151 153 35 22 15 52 32 16 40 55 116 96 83 150 25 36 100 193 192 226 70 235 190 211 182 208 151 142 178 222 38 229 118 91 237 145 55 78 181 111 252 208 56 120 169 155 167 218 250 148 195 135
13 254 84 177 189 50 28 233 255 178 68 178 89 251 114 225 125 189 76 172 238 186 191 17 67 78 199 190 56 27 148 174 99 204 141 139 240 145 191 208 35 191 0 61 66 204 53 129 103 15 144 138 68 14 204 143 241 139 1 129 199 102 218 163 69 190 6 1 143 73 36 159 103 203 127 17 42 238 114 55
209 117 35 147 20 116 130 227 130 237 64 8 18 35 144 150 79 144 72 178 149 37 243 189 139 241 248 122 37 184 176 100 204 201 147 129 204 36 79 231 158 133 111 89 127 155 120 178 4 164 181 30 110 188 31 133 38 253 210 45 163 55 132 61 46 168 7 61 249 124 147 46 14 32 192 185 144 144 16 160
91 126 201 141 83 92 22 157 36 224 75 76 191 32 161 94 98 216 54 145 157 127 7 205 117 200 10 204 162 168 163 89 143 108 211 140 168 46 2 192 58 225 192 189 4 66 60 171 231 163 214 57 42 42 226 195 73 136 222 200 250 49 160 165 181 250 152 213 134 14 37 84 208 73 95 165 37 205 177 131
196 20 246 238 227 31 159 179 182 143 215 240 188 108 2 227 250 163 187 13 118 124 57 29 189 189 237 39 25 189 168 109 7 132 51 109 39 61 178 139 219 104 42 250 215 244 65 153 28 238 51 234 55 77 44 242 16 139 217 245 111 143 49 203 240 100 51 180 180 48 17 122 130 206 237 161 25 95 103 28
139 143 159 61 242 1 250 247 39 152 102 53 250 249 35 178 192 233 78 80 48 115 62 116 117 104 177 244 121 97 107 140 248 245 212 240 104 216 204 236 130 184 137 176 141 146 141 60 40 112 220 123 203 60 128 144 223 147 194 194 166 86 198 246 138 202 196 251 177 89 216 226 136 183 52 180 3 0 70 43
14 217 118 197 175 106 106 199 46 196 59 38 255 153 194 50 10 46 165 199 80 93 137 159 206 220 214 14 101 135 47 92 26 238 43 115 132 31 154 42 31 122 231 229 14 44 140 150 93 155 53 194 25 22 63 167 113 167 39 199 191 168 232 157 91 139 122 226 116 24 231 252 253 10 33 140 159 119 91 63
128 29 62 103 219 92 104 205 241 73 129 208 17 86 193 23 65 175 180 66 32 143 28 241 5 1 15 217 107 173 178 111 148 25 93 167 176 109 213 131 57 67 80 12 208 83 107 29 230 228 128 214 125 217 30 54 15 185 144 178 160 225 152 202 36 239 64 232 209 43 75 146 142 125 51 159 85 50 83 82
229 40 117 156 184 230 125 9 78 111 181 74 36 200 222 132 59 206 158 72 157 134 18 149 119 188 130 23 153 29 156 238 144 128 138 192 157 213 231 1 70 163 77 97 202 152 254 94 249 84 229 158 55 119 216 119 220 248 79 123 202 66 17 215 18 207 69 79 1 70 103 7 163 30 119 85 249 134 105 181
18 27 215 128 43 219 42 213 15 195 5 0 41 76 109 118 91 138 140 237 183 144 65 142 108 8 30 8 229 194 24 44 69 29 27 213 246 97 12 129 212 251 168 136 244 8 74 182 208 190 181 216 72 233 137 234 171 193 88 72 182 174 17 27 87 155 9 46 165 66 248 237 45 207 199 53 238 68 72 33
2 127 139 49 114 135 254 76 225 204 142 139 151 100 45 81 104 103 104 116 60 2 41 102 98 195 237 40 72 215 7 167 138 64 153 242 227 106 154 183 108 78 166 197 19 9 1 223 102 187 19 107 200 168 112 235 100 204 96 45 133 223 205 232 251 237 93 40 253 106 0 5 10 60 85 187 254 219 193 218
129 110 158 211 210 114 215 97 178 194 98 111 98 13 113 169 231 201 168 237 251 113 105 231 42 21 189 192 29 171 250 59 143 224 154 10 49 41 3 77 227 82 193 213 195 77 201 92 91 37 12 59 207 117 149 49 99 25 155 86 68 119 133 52 18 46 192 21 145 40 96 111 57 149 189 110 203 98 46 237
13 217 88 24 235 242 100 96 18 173 189 245 45 10 253 138 205 146 222 230 54 101 76 66 180 147 99 58 4 123 232 120 38 182 162 160 88 98 70 41 240 18 123 41 136 197 105 187 32 213 30 127 189 228 0 79 75 34 138 223 50 37 74 73 126 241 54 29 192 3 29 190 11 187 18 180 185 156 54 97
15 212 2 155 241 241 119 177 140 17 37 57 114 108 189 135 11 167 125 192 172 39 28 13 129 236 130 51 123 5 185 178 32 231 216 165 89 217 132 209 151 66 172 99 122 117 135 202 111 137 190 75 23 164 33 213 213 143 62 30 200 126 4 31 231 52 13 18 101 121 64 118 120 203 195 117 206 189 86 88
12 54 74 183 132 236 196 65 193 10 79 236 181 43 194 29 133 103 205 116 153 64 205 208 179 117 54 235 190 151 153 19 48 178 206 21 159 188 160 91 140 174 213 96 68 199 204 73 238 253 80 129 84 119 243 243 182 46 156 46 95 60 172 120 106 118 93 202 10 102 133 156 78 133 161 129 227 210 59 164
203 101 5 170 131 106 85 28 88 83 189 51 28 45 25 236 76 229 24 252 63 251 18 87 136 50 141 239 189 57 237 208 121 58 222 222 230 32 88 185 60 153 46 226 215 27 183 56 179 242 241 129 206 175 215 37 228 91 12 224 144 109 0 211 212 220 86 12 30 151 80 167 66 163 83 74 20 19 134 150
132 128 184 37 90 179 162 114 201 70 253 142 150 232 236 135 164 81 49 3 185 65 195 112 139 147 221 230 24 141 14 202 118 87 46 64 165 14 31 147 98 210 60 245 7 237 37 119 55 195 110 145 198 74 61 198 223 208 150 24 39 11 17 190 1 206 226 56 211 69 88 16 237 90 83 171 192 22 66 14
140 180 158 95 58 97 219 108 116 152 74 4 201 36 154 227 130 44 129 195 198 3 78 111 78 214 218 230 173 207 193 61 94 96 248 218 15 8 122 51 79 183 2 238 92 94 129 177 42 151 196 236 88 93 25 179 228 196 233 103 97 7 207 191 0 156 145 7 97 32 215 37 69 214 150 38 56 182 101 1
197 207 179 12 225 192 22 193 69 115 243 181 13 207 141 158 120 78 204 79 156 13 36 145 44 246 110 131 164 83 59 160 56 97 90 215 35 223 84 4 75 100 203 181 211 183 175 206 215 194 28 98 82 226 184 143 198 159 207 88 30 64 23 191 197 25 132 99 110 223 38 152 119 230 8 59 217 38 205 144
32 114 42 70 67 110 22 26 58 15 169 234 198 216 4 127 199 149 192 130 77 15 236 218 156 157 195 103 201 54 104 246 182 151 110 241 253 71 33 49 116 234 124 89 207 103 38 129 91 220 139 171 170 209 151 233 183 141 39 189 109 252 230 58 58 242 28 240 129 130 232 187 122 224 55 107 136 109 236 191
129 113 42 236 3 185 155 99 229 69 23 234 239 192 134 136 251 168 95 226 94 1 240 168 99 227 204 252 239 238 191 57 114 24 48 9 16 96 229 219 239 144 58 19 213 36 191 62 160 76 49 111 85 111 122 254 197 212 57 244 25 171 117 178 67 40 212 185 5 66 186 58 67 247 96 27 251 205 69 212
128 105 123 179 140 93 121 225 229 85 238 215 174 175 75 146 171 120 155 154 145 146 175 250 15 239 224 74 20 101 76 16 82 51 183 249 228 143 252 151 141 94 189 141 199 210 126 226 177 175 97 70 215 136 31 190 227 109 203 212 8 134 210 75 203 244 156 101 147 221 176 122 7 107 252 227 46 154 123 148
131 162 92 129 126 42 164 104 140 1 252 55 152 74 24 202 64 131 239 254 157 125 149 51 137 110 115 215 77 28 178 125 155 95 89 62 175 175 148 198 173 192 187 237 195 88 254 159 152 79 123 94 249 18 175 127 148 96 155 38 113 252 202 242 48 218 102 114 1 115 162 45 139 46 202 209 59 164 228 177
33 181 210 166 226 113 166 238 161 103 195 117 127 108 188 177 76 149 203 98 103 162 84 185 201 12 17 242 233 176 152 118 143 132 22 194 8 154 22 235 139 3 22 127 216 14 160 165 158 45 41 253 174 83 69 205 1 128 15 36 10 140 190 244 123 223 154 122 171 206 240 46 117 24 182 185 227 198 105 231
218 138 249 68 93 23 72 66 152 255 121 170 80 181 8 239 160 132 5 102 177 117 100 234 11 107 192 225 6 37 174 254 181 7 216 130 122 167 255 131 106 162 140 213 61 24 210 252 200 107 159 187 193 186 143 206 169 97 129 37 87 24 195 113 30 143 254 160 11 224 99 118 92 108 92 135 65 20 135 32
212 138 50 111 170 91 181 130 121 198 162 245 15 86 208 0 31 158 152 98 174 183 75 48 107 181 180 41 20 127 246 173 178 196 212 240 72 116 36 179 225 189 122 80 105 243 138 160 79 202 186 30 228 73 157 231 160 30 68 160 76 137 172 75 93 1 46 62 46 207 89 155 150 46 214 130 210 12 230 212
23 97 171 214 140 184 179 175 102 21 85 238 167 254 179 47 240 3 224 93 36 117 105 185 194 121 194 205 74 183 235 212 97 27 183 62 200 79 211 43 129 255 247 1 252 58 92 39 171 43 13 227 233 48 192 133 182 127 16 153 230 222 167 170 48 78 140 170 0 117 146 170 195 110 58 37 240 147 68 110
177 201 162 254 170 209 120 197 213 89 127 246 192 254 227 86 80 98 26 143 182 203 204 184 111 44 27 79 94 213 49 21 193 29 152 102 227 225 52 106 73 186 103 238 100 6 31 241 173 200 70 219 46 71 224 99 10 43 197 75 191 171 14 93 64 240 85 53 118 242 231 209 177 152 57 111 5 173 180 215
254 2 214 173 87 168 151 14 225 177 237 49 173 131 30 214 177 150 101 40 234 38 91 9 153 95 183 7 239 147 190 152 124 1 214 13 15 255 178 202 55 6 171 231 64 194 162 80 223 94 5 76 22 247 179 4 53 170 197 223 41 62 164 49 63 88 245 188 157 187 170 108 27 216 95 192 28 63 43 86
228 115 247 142 76 54 38 190 39 222 43 16 106 252 181 160 196 202 36 27 234 52 225 172 19 69 76 15 207 181 115 217 224 223 197 172 8 108 24 248 59 173 28 85 5 186 133 18 178 234 94 185 13 59 12 162 90 105 83 184 178 67 92 113 80 127 54 109 175 91 224 218 190 169 208 59 139 54 125 40
178 56 200 162 96 24 184 172 174 212 146 135 240 116 11 209 142 156 100 12 20 158 181 84 45 166 92 21 191 187 198 213 106 13 221 125 98 95 9 220 229 246 15 8 59 162 23 43 208 204 254 159 199 124 51 194 128 57 69 244 27 64 178 132 74 202 102 6 66 143 212 11 171 103 255 51 181 58 94 238
12 231 242 96 255 126 182 246 80 193 214 98 175 97 123 202 202 191 41 236 34 140 45 255 27 144 9 123 5 32 252 138 221 122 168 18 104 175 215 240 168 247 211 226 120 196 84 61 253 165 69 155 22 222 107 54 84 131 160 47 162 147 111 81 192 186 139 52 162 159 214 90 178 48 163 218 151 108 244 222
164 9 2 86 160 30 131 3 219 161 12 73 132 118 253 224 190 210 122 171 72 168 159 136 137 162 189 193 208 157 32 47 136 123 186 95 172 178 61 57 253 246 230 201 96 163 90 115 42 111 164 93 4 132 141 198 149 122 162 217 88 58 129 231 170 187 40 188 162 82 193 154 48 155 75 17 81 141 36 138
150 95 19 52 201 59 207 172 201 188 136 48 85 152 53 134 92 186 137 214 44 90 73 230 96 192 149 133 52 132 194 41 183 186 43 130 76 103 64 116 220 75 7 111 88 138 246 76 67 71 217 206 60 187 1 244 27 86 57 86 214 70 23 16 235 164 192 168 104 94 152 63 57 181 83 230 66 88 254 16
87 100 153 123 241 127 193 222 149 149 151 240 146 117 229 54 8 226 169 227 88 147 59 61 119 105 132 165 224 184 135 143 140 196 159 246 17 252 84 98 245 21 237 64 3 118 198 179 95 168 237 136 77 159 231 11 25 66 218 187 154 206 38 22 96 56 240 139 111 28 52 204 9 193 110 85 125 203 21 218
37 181 126 16 105 125 72 33 75 157 99 17 87 185 125 144 115 131 203 186 127 125 207 39 22 72 92 67 181 251 2 111 82 134 125 215 128 114 124 135 67 56 237 83 89 70 170 24 89 39 228 76 132 1 149 227 52 59 247 195 152 32 62 212 168 95 47 92 71 100 195 62 203 224 230 69 224 243 144 117
54 87 119 83 169 174 172 26 0 61 187 254 219 95 253 157 15 2 8 126 114 183 73 26 177 180 0 130 92 44 19 78 90 162 208 237 164 43 19 59 142 87 139 108 63 184 124 194 221 152 127 163 181 195 36 228 237 117 245 38 154 149 122 72 121 59 111 57 51 194 166 248 232 145 244 209 224 196 30 94
91 2 66 79 207 19 242 141 54 137 179 222 109 110 171 77 66 118 54 214 37 96 104 34 244 57 65 13 215 167 106 249 190 129 79 102 104 207 249 158 223 146 176 51 28 99 224 139 232 80 13 167 200 221 42 240 120 217 115 79 25 80 11 242 129 97 11 162 152 67 149 101 252 228 136 231 103 162 153 83
105 248 254 122 19 152 4 113 251 168 234 92 29 33 75 119 103 235 123 111 216 22 16 58 76 59 73 55 249 237 191 66 215 4 35 62 188 168 84 52 184 116 235 6 101 179 245 120 14 70 187 255 111 99 255 85 65 235 215 84 192 150 107 251 168 79 55 19 15 196 41 243 155 173 18 193 13 194 211 45
41 29 158 113 15 205 25 216 255 232 5 90 248 248 68 137 72 3 255 176 45 17 44 198 54 37 96 221 240 246 91 109 65 154 250 161 106 193 112 242 255 162 240 39 180 106 83 79 89 79 83 1 184 201 65 137 242 189 235 42 22 83 137 186 185 147 127 15 211 144 88 181 55 10 145 143 156 85 48 38
123 47 14 39 80 64 86 159 110 117 5 188 212 233 187 61 92 130 151 253 84 54 65 85 185 102 173 149 36 201 26 147 121 92 60 237 152 90 113 62 159 147 165 182 14 120 73 44 88 107 106 69 14 188 216 73 233 7 206 19 212 124 29 99 236 40 238 157 226 31 67 12 123 48 95 47 14 140 19 170
54 239 241 48 33 214 180 98 67 109 213 16 35 68 119 159 50 242 216 67 240 124 249 61 87 241 3 109 201 87 74 220 108 183 105 23 174 192 169 27 131 26 155 223 95 145 154 223 234 20 157 33 194 191 252 142 24 85 98 168 34 227 210 15 5 122 103 13 206 85 47 174 21 188 97 77 241 3 45 16
249 158 133 175 55 158 164 135 154 105 85 244 138 150 172 78 218 107 238 24 59 174 91 237 81 38 224 189 227 110 30 230 23 135 11 242 116 34 200 112 227 12 128 154 179 241 29 206 232 133 91 103 95 251 230 48 111 109 134 176 200 62 13 185 177 188 19 95 80 134 49 19 13 46 36 203 245 115 66 126
32 208 84 87 242 171 86 149 115 48 20 171 16 146 21 161 102 51 195 190 195 222 247 168 135 212 82 56 174 241 146 232 96 204 209 112 92 159 133 46 137 80 7 217 96 105 19 164 225 237 182 198 41 107 16 248 44 78 81 219 32 174 163 51 45 124 168 45 79 233 227 101 154 218 167 122 176 167 182 250
213 7 224 166 9 111 8 161 69 176 236 11 162 197 199 235 168 204 80 225 89 238 245 51 154 154 56 96 164 243 237 149 81 96 118 228 9 254 108 15 115 81 87 220 232 164 183 57 214 52 124 59 230 36 230 171 37 197 116 40 233 160 254 21 3 143 118 60 168 41 100 63 33 25 189 99 176 81 242 219
238 155 226 178 39 135 240 145 190 26 25 177 239 21 57 30 66 129 83 121 70 252 46 127 205 240 104 138 52 123 51 189 59 33 169 248 76 164 105 61 246 241 11 66 162 111 233 75 56 163 158 89 83 1 215 57 3 235 105 34 89 140 58 54 186 224 117 58 17 8 242 20 148 201 20 130 160 61 51 40
199 127 96 109 111 38 161 106 137 199 170 26 211 150 59 174 101 7 115 222 243 80 58 66 192 44 191 110 103 152 10 47 63 72 235 241 178 227 141 50 203 160 139 219 149 181 249 118 240 133 176 28 195 47 136 248 67 87 25 192 55 77 161 57 223 34 111 129 180 238 102 125 38 8 222 171 11 131 13 28
56 178 49 165 170 111 145 141 112 154 20 123 76 225 254 218 97 83 92 163 191 218 254 163 72 69 174 158 69 83 233 28 141 219 207 153 67 42 225 109 112 46 173 38 31 40 46 42 176 240 220 199 29 172 252 90 6 202 57 183 88 110 153 39 156 120 194 224 203 243 197 115 114 142 64 221 43 200 187 216
119 76 76 174 139 56 58 55 112 55 22 150 143 153 89 240 244 196 96 143 96 124 95 186 83 36 19 157 244 224 52 67 33 129 255 110 98 43 16 241 54 42 85 145 84 146 128 24 6 74 88 85 33 171 182 125 131 205 27 111 241 241 179 208 52 246 95 106 28 249 53 203 4 63 61 169 255 59 231 74
64 180 165 101 114 170 142 133 161 95 89 215 44 36 222 12 99 222 108 134 73 82 196 3 37 112 136 118 248 100 99 79 38 224 199 47 97 160 158 118 184 255 35 183 88 144 248 133 135 95 99 106 192 95 84 30 237 231 79 66 44 95 245 220 7 97 190 131 162 8 176 130 215 150 245 103 54 190 162 185
133 140 249 161 234 80 95 195 212 63 152 21 129 41 235 193 60 92 249 187 62 171 76 4 202 215 122 120 178 63 227 211 137 119 96 224 181 6 241 143 254 65 98 130 245 33 49 217 31 123 213 149 37 37 122 39 0 211 120 164 231 119 145 174 18 6 138 4 47 201 43 118 180 16 125 103 12 26 101 231
229 20 101 35 60 141 232 166 228 154 135 84 180 0 0 80 177 208 6 71 227 77 232 20 157 153 203 185 170 12 16 99 65 173 182 169 169 203 81 194 105 172 224 26 246 150 154 39 143 234 28 43 201 44 223 163 64 167 54 14 228 171 197 193 131 29 226 231 214 240 157 23 97 247 52 70 116 24 12 228
109 21 63 40 38 151 124 141 76 153 16 218 88 219 148 201 149 150 116 124 123 35 189 153 199 177 202 3 194 247 120 159 208 225 118 41 7 144 214 207 174 227 127 140 43 58 202 243 50 35 126 6 202 22 11 133 80 246 26 93 195 38 192 143 23 234 31 4 179 212 230 83 71 231 185 175 16 67 202 119
52 201 176 203 39 195 181 159 94 212 214 133 112 82 169 135 231 29 11 33 163 114 242 17 74 64 34 60 43 196 67 81 160 34 248 166 92 59 75 82 92 217 227 231 206 44 134 234 238 141 115 135 69 151 91 44 58 41 20 4 187 248 203 150 102 72 235 227 54 187 99 95 6 100 8 109 109 175 89 93
201 253 145 130 4 11 101 35 87 58 156 9 181 147 123 114 230 229 86 42 217 248 158 248 3 40 193 157 146 89 56 163 28 228 37 92 246 254 197 241 175 118 200 35 170 228 152 95 253 187 212 0 159 132 243 39 221 151 212 219 79 67 110 220 254 227 128 213 207 150 66 212 115 18 139 238 130 207 32 41
169 170 166 131 13 119 241 190 171 145 126 169 1 167 188 222 10 179 156 105 68 78 87 0 87 251 191 70 156 49 164 140 227 213 130 185 215 105 218 87 210 142 179 40 208 144 21 238 225 146 85 45 165 173 145 54 197 179 123 138 193 174 28 1 237 14 85 65 194 128 49 81 19 13 193 32 144 228 170 98
119 33 238 155 176 175 138 197 67 20 88 10 119 173 97 60 203 185 47 106 106 133 60 147 206 123 15 28 9 255 218 13 93 159 204 133 11 135 226 162 199 110 68 115 165 123 243 164 123 151 158 198 188 49 222 17 172 9 34 179 240 179 175 255 41 23 82 214 125 92 19 208 169 89 254 126 172 156 23 216
89 253 54 54 195 100 232 250 54 10 57 180 18 38 239 91 200 244 211 131 84 147 198 17 79 54 226 171 39 226 201 150 37 226 22 80 216 113 62 96 64 146 136 19 45 32 113 111 167 217 158 102 10 112 182 100 50 102 180 199 180 203 242 80 168 179 235 25 35 67 88 217 224 173 91 203 232 98 231 123
236 160 42 97 94 9 147 127 75 218 161 213 24 249 54 168 49 122 110 97 247 191 43 208 181 110 170 34 180 161 211 201 3 149 44 81 242 246 155 67 87 210 102 195 68 74 162 209 99 181 170 248 25 194 88 97 162 169 58 158 215 179 237 23 216 169 20 65 56 136 228 186 86 143 210 65 143 91 245 143
128 19 153 211 206 67 53 132 89 184 37 128 130 58 212 207 43 214 56 95 40 110 51 117 244 140 231 1 216 111 89 56 49 10 102 127 180 51 205 32 16 50 64 191 181 128 96 59 211 163 7 62 104 39 198 164 163 18 167 94 58 107 101 9 94 37 94 69 232 92 110 19 239 201 208 221 28 143 23 171
165 211 85 21 21 79 201 228 58 163 128 197 109 110 154 237 181 26 64 56 81 82 67 223 206 192 108 1 249 252 166 151 109 27 237 0 227 117 236 116 156 118 53 113 212 34 186 209 193 162 115 11 104 130 103 183 67 212 113 154 154 4 202 95 249 185 179 112 165 94 185 64 144 228 83 175 211 0 99 248
49 231 27 103 106 102 226 86 60 26 185 51 115 13 252 62 8 204 25 227 38 169 119 187 176 208 11 208 61 22 42 2 231 4 129 97 218 54 185 33 90 242 40 217 61 71 4 177 63 217 127 132 87 177 216 54 188 23 201 110 70 9 184 25 251 34 79 252 29 148 198 199 184 121 176 98 79 251 105 34
131 142 196 83 70 18 245 245 107 70 200 75 177 38 134 194 22 38 251 47 46 7 62 53 213 179 152 138 188 156 243 220 191 35 8 96 220 214 100 144 48 117 57 178 81 41 241 8 122 210 203 229 102 216 36 172 227 208 44 53 223 95 46 228 217 127 181 89 136 210 221 150 52 47 66 201 1 110 223 43
103 138 104 212 136 78 205 57 83 191 94 255 26 63 181 180 222 87 137 59 56 218 51 40 178 126 97 31 102 95 197 110 148 97 88 135 13 15 193 206 159 42 40 80 11 13 116 42 66 174 25 7 139 56 58 56 9 189 126 255 61 53 136 155 75 221 201 176 147 94 224 244 95 70 253 128 80 113 82 78
134 107 81 214 232 46 53 140 14 224 238 147 159 103 81 61 54 33 244 32 120 66 105 195 192 247 236 141 21 35 138 212 233 26 81 99 32 223 222 139 147 52 73 123 98 52 73 9 105 239 242 133 55 172 179 222 101 21 83 206 93 167 107 161 14 30 103 94 242 174 103 233 140 206 33 220 100 5 69 64
75 93 17 175 103 123 237 210 164 178 191 66 232 133 24 184 49 141 81 205 158 79 71 59 159 63 195 32 172 173 15 42 11 210 138 244 23 64 236 21 242 126 153 75 91 125 168 220 221 35 15 4 171 218 134 33 63 196 242 233 97 35 115 219 241 87 252 2 140 116 236 202 180 3 180 203 246 33 90 108
229 226 172 69 54 76 51 157 135 84 218 179 81 48 119 117 51 32 100 202 42 125 196 6 231 244 171 227 53 252 121 96 153 184 20 151 116 204 76 119 94 206 218 2 31 156 122 75 151 200 51 161 15 234 130 99 215 138 9 76 22 41 17 235 136 12 160 55 211 124 214 20 199 187 35 112 219 124 25 4
165 88 10 211 159 149 216 202 174 209 211 38 73 23 148 144 20 198 14 56 117 13 172 36 17 143 217 207 64 113 1 176 41 30 3 155 22 155 250 125 137 245 103 184 212 4 121 72 20 196 10 42 61 93 9 154 119 205 44 74 85 72 150 139 199 231 174 193 213 242 248 59 203 6 186 74 235 16 203 230
20 25 141 201 67 72 77 212 204 119 144 179 165 100 142 83 58 206 201 93 85 185 159 208 237 255 153 29 97 56 92 178 59 76 254 143 174 63 70 176 41 30 43 107 26 91 165 207 88 69 76 200 149 69 175 169 132 59 55 20 215 252 76 180 93 215 216 29 64 214 62 204 167 216 5 70 155 69 99 186
181 102 110 31 1 79 182 249 37 6 117 218 114 147 136 190 167 54 168 244 33 195 230 135 88 222 176 160 1 22 191 250 242 24 118 127 38 42 87 113 215 232 231 110 220 160 109 96 94 248 230 133 74 11 27 217 254 26 73 60 111 134 253 160 34 10 105 68 217 61 90 42 167 41 100 79 153 148 251 204
102 109 206 146 182 166 46 83 162 174 248 196 109 244 243 91 158 212 3 224 139 181 204 111 132 200 4 97 87 159 61 230 179 247 193 182 101 249 15 81 175 108 80 227 172 161 80 135 73 254 213 251 216 61 193 247 10 73 249 27 193 151 38 202 244 105 39 84 142 246 78 17 182 246 174 70 107 112 131 129
61 244 20 231 149 243 169 88 125 231 92 75 5 180 199 240 36 211 59 120 183 198 96 193 81 92 86 149 176 186 204 106 55 34 200 208 16 60 5 51 167 229 172 2 11 111 4 230 149 96 39 21 223 125 57 72 215 132 219 178 202 77 193 210 206 140 192 169 102 86 241 237 27 66 173 180 159 169 68 2
45 159 127 140 24 216 192 61 218 255 250 211 227 92 211 25 187 131 204 250 103 18 205 101 124 54 36 128 78 154 145 199 160 17 248 23 47 47 77 155 146 49 1 96 237 163 110 58 13 75 146 32 99 2 144 99 117 98 31 48 85 123 163 42 193 59 66 88 86 55 90 167 117 219 98 4 65 128 239 152
186 25 178 132 2 27 184 66 209 147 232 105 113 237 250 29 145 5 180 225 141 248 56 95 45 73 45 103 60 200 58 48 110 78 124 42 17 90 129 40 136 172 56 39 186 45 118 44 252 110 90 235 250 111 87 8 133 129 28 100 147 186 182 163 108 132 167 133 242 195 187 104 36 167 55 173 189 169 170 59
253 53 149 21 156 144 44 112 162 177 87 65 178 220 13 167 52 39 55 37 227 85 62 11 205 106 198 115 88 12 120 54 58 200 8 99 181 230 234 97 158 139 94 121 64 95 188 42 112 183 145 249 243 42 18 197 229 240 126 124 9 31 27 25 185 116 134 189 207 169 45 113 137 99 91 85 23 209 144 164
126 113 138 186 69 100 76 57 148 19 136 98 96 115 4 59 136 81 80 9 158 184 223 234 235 135 161 76 97 206 199 97 124 201 137 105 120 188 95 103 134 159 64 141 207 150 40 192 68 59 145 145 11 129 55 216 170 114 31 239 11 24 194 12 119 162 147 40 93 98 38 26 124 217 174 88 185 183 215 97
139 108 69 45 61 17 113 183 213 192 210 232 17 94 92 56 42 145 192 131 83 251 235 155 116 28 248 143 122 231 63 161 225 103 203 204 249 200 95 241 208 179 199 134 183 130 21 16 114 86 153 146 171 186 27 133 231 23 18 51 36 95 201 205 102 201 95 140 72 194 0 55 159 18 62 47 246 172 74 10
157 91 112 237 25 246 108 196 160 173 172 64 244 38 67 7 25 24 37 188 115 112 93 255 77 108 111 157 5 212 91 4 191 244 209 124 161 72 68 107 143 192 57 78 16 175 206 123 254 194 246 156 104 43 93 127 77 213 144 126 197 253 45 150 253 18 202 200 153 254 112 253 121 172 54 120 37 3 218 241
53 196 85 222 111 15 40 224 21 205 60 104 117 107 168 160 46 56 1 203 82 76 99 80 11 157 220 48 116 250 239 249 200 5 166 32 156 71 34 106 20 1 75 154 174 54 170 141 47 74 184 226 58 2 239 134 148 151 154 243 231 28 44 204 185 206 242 54 188 244 64 227 109 135 61 134 51 128 102 34
254 129 25 169 28 53 164 40 214 241 4 195 254 181 106 69 0 124 134 75 144 67 86 180 141 246 245 106 212 37 107 252 164 205 131 103 79 62 225 23 137 122 184 9 85 135 57 152 149 85 220 157 160 110 58 71 246 131 243 54 158 229 255 238 35 214 70 246 110 100 193 107 189 137 20 233 234 69 241 18
93 128 138 10 221 53 174 142 54 186 49 222 2 254 208 123 245 2 68 106 132 7 20 233 130 198 137 242 73 198 54 193 228 99 217 30 253 178 201 125 55 138 37 44 151 230 111 143 140 81 201 181 68 84 21 13 242 48 194 166 220 169 122 126 176 23 160 131 8 103 47 191 42 90 155 193 210 18 207 237
43 98 251 40 198 119 253 92 105 189 151 56 79 164 20 165 177 194 23 73 189 147 162 136 232 250 59 10 59 15 109 211 30 192 234 77 136 144 153 150 182 242 82 164 92 124 74 249 113 212 28 74 131 120 71 26 46 44 80 196 32 10 26 254 202 61 227 235 7 15 3 146 148 180 254 62 245 246 15 173
99 235 10 114 27 146 23 165 198 101 83 63 179 100 17 107 199 1 42 136 202 84 52 202 114 209 231 161 2 92 57 68 52 9 135 220 32 159 76 75 145 56 173 189 42 147 240 150 167 37 8 41 219 14 49 25 175 12 145 250 24 75 31 217 92 58 205 243 11 114 69 12 69 24 150 164 99 49 48 32
247 109 144 64 141 237 127 162 226 238 92 106 30 107 60 131 114 61 17 89 196 83 126 113 137 128 59 8 141 209 209 197 189 41 90 243 163 126 1 58 10 161 63 71 55 169 47 237 174 149 145 56 108 32 146 177 197 123 248 13 187 66 188 26 184 27 70 37 106 150 228 221 69 198 8 29 167 86 86 100
191 153 187 129 215 74 41 195 100 128 238 66 219 136 237 129 61 155 19 212 130 136 239 162 77 100 229 193 196 209 229 16 24 59 117 3 28 60 107 209 145 3 238 199 130 138 135 65 118 11 150 149 225 205 123 15 210 124 142 32 45 90 165 155 194 255 107 205 241 18 65 193 172 95 252 231 10 55 19 40
144 112 42 92 188 8 14 183 199 98 101 142 68 108 105 210 12 108 37 12 171 186 48 76 30 118 15 129 177 253 92 42 209 58 183 213 224 63 235 37 33 127 169 193 183 188 52 11 205 139 116 209 93 202 203 11 201 56 114 148 100 130 242 172 209 134 187 174 29 163 250 37 106 34 208 84 28 69 191 54
193 20 76 191 71 194 97 47 68 87 92 129 109 148 132 137 13 237 186 7 128 102 22 105 224 230 75 156 95 255 146 17 213 128 182 42 46 152 62 242 163 246 112 35 172 15 119 134 49 241 126 186 89 65 41 87 155 119 37 35 246 158 20 222 34 207 204 31 230 131 4 46 32 111 229 107 18 101 67 135
119 209 68 60 102 136 110 47 211 108 10 251 90 165 170 183 56 144 174 255 64 119 99 113 228 45 88 58 183 0 58 162 237 199 241 205 243 190 22 28 128 17 1 136 42 93 88 226 89 61 56 154 40 234 92 176 20 86 9 244 111 32 219 188 237 17 210 196 211 109 53 131 246 154 143 213 252 27 122 139
85 62 208 54 235 102 132 163 32 139 138 30 84 14 32 226 200 121 233 37 48 132 186 230 88 96 4 220 19 215 96 17 238 153 26 71 20 74 73 45 223 130 75 169 228 102 104 0 115 163 148 197 188 22 21 170 182 193 143 18 241 141 154 131 56 121 107 178 5 176 150 45 34 27 58 162 121 227 163 178
29 184 55 161 37 218 172 183 89 200 239 25 106 178 144 46 197 102 219 174 107 80 79 220 28 237 40 137 50 238 82 73 226 135 147 210 7 114 179 167 0 110 148 65 109 178 71 201 227 188 232 243 73 2 115 153 7 112 40 128 242 214 65 56 59 26 112 148 79 154 0 205 113 90 54 2 240 46 54 17
72 218 10 28 233 137 133 30 68 148 90 196 156 60 42 70 226 4 103 129 81 101 137 0 117 251 0 79 202 136 223 21 67 168 111 89 15 144 155 5 155 146 214 118 196 71 115 152 225 141 102 37 154 85 142 30 6 197 159 162 73 178 180 196 176 48 184 182 116 204 61 198 110 135 184 193 30 74 215 42
88 245 31 184 7 107 127 95 213 132 135 241 115 71 242 10 68 245 147 132 178 240 177 231 55 159 28 199 83 94 220 108 148 54 156 239 124 230 139 186 182 106 5 131 0 166 94 146 235 77 179 15 0 17 23 170 188 239 148 45 205 68 250 110 182 144 48 132 68 171 64 10 144 198 69 138 251 87 51 45
216 132 175 106 244 14 113 180 182 82 219 73 168 69 159 175 186 141 64 103 215 236 134 182 241 40 179 8 178 165 178 193 171 20 127 166 19 209 179 131 207 90 133 44 168 255 239 7 66 211 234 45 142 84 104 102 236 49 253 103 4 130 56 153 104 205 99 29 92 6 121 252 135 24 77 192 118 188 238 67
170 109 228 49 140 43 72 173 51 60 136 206 60 93 131 110 244 87 160 21 239 36 194 153 141 231 19 122 111 207 99 190 66 252 34 113 228 93 223 171 182 124 179 49 42 191 238 104 138 82 93 139 67 186 2 252 207 178 219 112 138 111 100 33 172 66 131 76 94 62 24 34 247 232 25 204 27 213 251 198
69 127 106 133 134 65 24 95 28 71 4 40 56 89 139 27 157 145 187 98 93 146 252 228 74 158 236 170 47 51 254 206 247 103 99 52 130 184 168 92 199 134 4 39 253 77 103 255 152 151 197 223 117 210 40 159 143 9 105 17 153 59 27 16 74 112 189 39 127 139 182 81 41 126 112 240 45 214 129 245
6 193 197 129 12 181 38 33 109 219 218 213 84 17 221 106 79 117 95 233 24 137 120 138 32 197 33 89 216 221 80 235 224 167 64 156 104 36 77 194 215 0 235 114 185 215 72 11 31 73 182 120 135 103 103 208 190 116 153 99 205 39 229 100 156 48 191 150 94 125 130 185 243 251 64 86 113 242 47 15
56 227 123 122 17 189 43 45 55 51 86 69 27 108 132 241 71 2 52 221 125 162 84 232 97 185 207 230 186 54 29 234 127 36 12 44 105 150 209 80 169 177 149 139 59 131 62 213 29 37 54 206 72 91 175 15 248 241 175 31 59 7 223 183 32 43 126 26 223 149 90 227 175 69 207 79 23 24 44 148
238 242 25 166 68 44 138 120 129 71 150 90 134 81 94 58 83 145 120 98 254 143 27 97 90 164 166 220 97 97 126 97 92 118 233 174 225 57 244 25 219 85 223 149 7 92 5 151 105 200 222 207 156 30 133 131 30 22 34 208 34 124 11 114 112 40 171 250 211 48 233 17 158 208 102 154 67 164 121 79
87 231 87 249 227 214 211 30 45 102 235 28 144 126 4 0 57 145 70 76 87 48 41 189 126 128 176 152 4 70 12 160 245 38 177 25 40 150 4 140 70 193 191 163 211 188 191 209 160 11 246 173 97 156 29 6 242 83 188 253 102 30 249 63 20 185 186 220 82 113 60 64 129 17 250 255 194 6 26 207
207 32 150 221 27 23 114 77 57 227 99 72 132 215 10 250 1 217 150 107 5 227 106 4 37 183 36 148 166 49 198 232 16 202 137 178 49 87 28 81 131 190 165 2 229 50 47 45 6 188 94 159 93 141 116 251 237 7 196 218 69 66 67 212 226 48 23 110 68 240 126 152 4 243 61 68 96 217 189 59
187 103 176 172 144 11 80 154 74 195 27 128 194 36 239 60 89 134 57 231 139 127 199 83 20 7 154 197 3 25 41 164 19 157 242 142 109 26 52 149 36 88 73 48 7 72 148 98 98 160 180 180 124 54 210 65 214 143 232 150 168 159 76 222 37 68 203 212 121 242 141 249 219 49 39 22 127 86 51 132
5 28 7 83 56 69 52 220 215 251 110 72 84 42 5 158 146 159 17 97 233 141 252 176 164 121 21 120 179 75 137 137 137 150 175 97 72 126 53 132 139 212 170 212 11 228 96 238 183 238 248 18 233 75 202 222 40 145 164 85 202 134 245 204 3 83 131 1 22 119 158 114 209 188 205 233 226 106 137 194
177 246 106 20 248 129 252 236 107 242 158 37 166 53 250 193 163 101 86 220 128 129 31 199 215 117 111 52 129 168 253 250 82 48 25 134 202 52 210 34 11 190 227 40 97 27 106 106 70 28 202 206 105 6 204 173 90 117 156 165 95 79 237 254 75 194 228 8 229 112 28 39 35 204 135 205 250 196 123 130
113 219 156 165 18 170 230 226 113 252 83 50 172 102 248 154 86 108 24 39 245 122 15 86 55 193 79 178 171 1 99 139 36 181 217 252 58 131 41 184 203 222 74 249 218 84 122 116 69 18 5 83 101 126 171 34 225 102 215 233 53 5 92 32 96 149 136 2 244 38 88 93 207 231 8 133 214 100 52 189
24 65 228 32 242 172 9 198 51 72 241 13 223 211 33 62 53 248 164 73 163 70 190 220 86 185 80 80 245 9 84 104 140 242 252 231 59 57 156 52 85 226 92 79 225 222 128 52 91 170 247 139 121 185 185 212 206 70 223 151 71 22 59 225 233 174 104 76 221 141 49 119 84 107 93 70 45 84 45 99
237 101 119 159 110 112 126 237 129 166 89 216 97 87 135 107 207 179 41 187 182 236 67 213 148 226 122 139 85 15 54 125 127 108 116 252 82 212 169 247 253 23 197 150 238 78 71 84 41 104 217 228 231 195 252 99 38 174 175 193 43 189 200 138 21 146 99 168 253 225 178 29 201 19 112 72 112 95 24 104
63 114 108 84 206 135 211 9 245 255 139 11 52 144 205 193 59 55 16 177 234 138 133 156 47 209 185 204 136 251 183 201 50 100 101 197 59 43 247 137 149 18 120 114 13 232 77 53 134 130 178 145 221 66 32 118 28 103 67 57 241 72 211 166 237 209 0 126 72 101 10 140 24 150 27 123 167 254 77 92
150 60 225 163 152 151 214 48 222 186 163 243 236 175 96 77 119 207 209 139 58 128 148 144 150 82 53 113 166 93 6 194 15 211 152 10 80 119 220 13 72 89 205 214 228 4 4 199 42 214 58 149 214 58 37 61 214 130 246 99 129 254 248 180 189 145 214 128 124 212 146 81 62 15 126 76 217 151 28 148
167 83 201 115 254 206 216 51 225 28 107 205 80 33 151 149 243 77 8 155 178 224 15 123 102 112 255 13 162 177 198 147 127 202 20 121 75 53 202 1 152 5 67 104 180 14 160 54 68 98 170 140 97 23 186 188 96 85 223 9 192 110 227 28 216 91 84 174 215 57 131 99 22 120 150 247 114 53 237 105
123 31 191 185 5 24 44 84 230 37 140 123 194 5 101 194 207 161 232 89 246 146 86 98 189 53 243 88 60 242 254 105 89 235 75 217 64 134 98 6 126 177 239 148 18 63 119 69 71 189 177 169 222 68 233 230 6 235 172 94 220 9 26 119 42 103 21 39 223 104 131 85 8 22 84 195 53 26 61 3
182 98 62 35 10 105 18 203 64 179 118 200 86 236 207 56 238 6 76 72 253 9 169 138 88 135 47 247 203 91 2 168 160 169 137 43 35 61 6 190 155 212 2 198 203 196 134 141 123 248 197 216 156 192 250 136 72 101 181 223 64 181 185 178 247 170 11 169 182 85 182 13 235 233 155 171 92 235 46 255
29 69 153 73 105 56 184 121 238 124 36 246 248 234 216 116 26 67 83 54 20 247 83 163 43 108 203 247 241 94 70 106 85 200 170 87 38 80 195 87 223 100 32 201 212 198 145 115 245 140 4 245 228 176 146 38 247 195 94 202 79 87 59 29 90 11 150 93 69 249 195 222 222 111 240 175 24 113 14 53
125 124 231 227 127 123 6 98 61 89 5 159 195 85 186 249 83 117 83 30 155 17 9 160 105 130 87 15 246 123 119 168 123 115 39 147 114 198 217 110 183 110 214 70 254 208 3 198 145 239 238 133 214 12 144 39 97 60 243 116 233 242 184 155 110 78 240 93 94 92 238 152 210 28 81 123 174 33 223 205
211 34 153 5 77 125 115 60 241 16 128 200 164 103 240 219 100 121 2 246 46 14 193 70 85 63 194 139 210 7 116 112 113 53 54 33 146 151 176 148 254 31 1 2 62 108 24 112 239 11 245 223 151 219 186 16 68 226 86 209 241 77 254 63 26 222 123 210 155 57 8 238 121 33 17 35 43 3 157 19
26 198 8 40 57 157 193 0 92 174 82 24 178 224 230 224 0 193 15 1 83 199 112 78 197 37 23 81 220 194 125 81 234 234 79 3 148 119 54 36 41 200 35 101 60 17 157 59 168 103 72 16 179 44 244 200 204 95 232 98 136 214 219 110 230 154 148 93 120 73 24 223 101 118 135 252 145 172 110 147
80 171 203 54 148 109 244 178 190 216 109 216 190 37 46 122 24 140 145 167 62 79 125 14 15 16 77 103 212 42 55 27 3 160 174 144 194 189 66 151 193 48 3 71 124 230 240 154 74 218 134 183 143 36 200 211 229 227 29 248 32 80 152 44 210 113 215 110 135 33 155 92 28 94 173 147 145 63 184 201
201 147 82 172 182 220 163 221 123 174 108 235 83 86 232 100 19 13 103 30 74 62 110 76 203 195 213 217 137 146 30 163 12 108 165 117 97 13 199 249 18 204 205 96 105 114 60 209 78 92 38 175 185 34 158 141 32 200 18 93 220 161 243 158 115 4 173 56 60 173 120 246 214 1 45 108 139 143 124 54
31 32 93 77 229 79 97 68 186 255 153 29 197 22 41 228 14 0 106 154 70 65 78 142 43 242 229 159 68 170 166 235 202 226 133 86 182 234 127 194 221 128 104 119 178 118 155 160 81 31 113 216 144 255 162 3 228 78 50 220 97 227 80 48 250 126 208 71 63 182 15 22 158 151 17 99 213 27 208 242
9 247 184 130 77 227 201 217 153 73 163 184 26 58 81 189 184 60 219 89 26 70 18 122 122 182 167 129 217 15 231 218 186 251 55 23 60 116 165 58 5 42 184 11 51 22 38 53 2 50 214 71 113 191 134 12 63 115 165 80 148 94 97 222 25 147 149 44 0 136 17 32 90 174 158 28 179 129 255 94
22 154 42 19 170 202 161 81 255 164 55 28 129 110 12 17 153 167 50 60 122 249 248 62 36 210 42 171 222 27 37 239 51 93 116 244 82 187 229 90 141 36 3 145 9 213 133 245 205 170 3 4 175 1 222 207 223 51 136 70 159 235 37 37 228 169 177 32 77 120 109 208 35 103 226 108 211 63 175 47
136 68 221 96 208 103 89 216 209 5 223 31 195 141 141 70 68 91 193 39 17 51 20 13 203 58 108 57 161 237 185 91 99 93 93 94 179 165 48 220 179 8 54 26 251 206 23 198 8 5 9 247 128 240 89 236 126 63 120 228 66 65 181 171 107 34 246 29 109 17 91 233 227 55 22 220 11 140 77 111
11 191 133 86 6 217 55 78 200 144 148 22 230 48 130 110 232 121 87 115 54 143 67 123 32 154 1 42 234 114 181 60 155 85 122 99 179 176 122 153 223 126 11 80 51 147 48 63 118 180 163 67 238 185 185 7 226 243 26 89 170 89 25 53 139 138 239 42 44 41 187 139 86 28 164 63 173 201 109 158
224 165 145 118 165 171 145 226 157 137 171 69 12 168 217 169 159 107 28 163 206 190 227 214 228 62 172 0 233 201 11 38 208 104 36 116 228 69 139 197 91 14 109 79 87 98 47 137 151 88 63 246 126 236 109 238 129 248 59 170 63 43 89 193 75 79 247 223 69 68 162 16 35 53 88 244 36 41 136 13
250 170 221 173 79 181 178 41 37 38 245 28 55 0 194 8 25 33 61 122 152 128 4 126 29 250 182 206 210 142 237 57 221 125 178 18 247 96 208 170 215 67 105 30 139 83 108 141 211 113 167 102 103 27 43 190 242 31 198 161 220 41 178 20 152 237 135 148 122 35 63 249 186 29 38 37 5 122 237 54
85 121 133 97 86 238 62 38 109 164 102 245 182 96 110 71 254 34 33 128 9 7 72 76 195 245 56 85 93 123 113 123 198 156 206 206 11 209 248 237 158 220 200 3 120 31 200 159 216 139 162 176 109 52 226 89 115 207 27 18 124 221 43 23 252 212 0 84 93 185 65 182 229 79 42 95 47 239 74 78
80 11 68 224 225 31 241 62 168 197 184 93 37 25 186 26 116 180 157 82 20 170 221 98 237 52 68 195 106 121 241 165 204 165 37 138 42 138 141 46 31 246 151 230 5 46 15 11 92 158 59 183 108 87 68 250 13 232 198 212 66 181 58 74 176 16 8 180 146 247 217 60 113 48 134 185 156 37 220 58
244 39 205 25 27 146 23 168 197 54 129 136 61 86 187 79 186 134 76 94 15 252 141 152 58 118 165 230 193 225 253 183 250 166 230 248 200 104 192 149 254 28 251 243 245 93 50 172 247 152 206 31 161 230 208 142 135 184 151 186 215 5 110 53 75 123 222 98 165 196 219 75 235 160 218 246 208 173 109 12
78 36 246 146 162 128 146 145 19 117 127 236 94 241 117 24 55 108 222 226 170 230 242 55 163 231 103 242 242 36 242 168 244 245 207 120 150 108 248 168 130 20 216 164 124 141 236 198 252 243 111 184 166 82 187 3 41 245 168 199 105 197 90 13 255 105 147 48 191 213 200 39 49 229 140 246 48 234 198 29
141 87 122 190 143 32 239 52 203 2 108 185 60 254 41 61 146 83 83 30 143 93 78 42 211 139 79 218 146 247 139 67 59 249 101 49 244 45 55 222 40 89 62 22 38 91 123 214 73 133 163 114 74 212 207 196 101 31 104 149 202 198 128 32 167 40 82 106 215 36 197 196 112 196 226 11 230 246 19 192
62 65 4 118 94 51 212 161 27 241 150 200 27 253 118 52 94 2 145 81 193 232 104 80 77 124 34 149 102 225 65 39 124 235 92 216 24 200 241 103 147 147 207 241 85 93 66 52 233 85 243 191 236 122 40 72 237 25 65 237 44 98 79 185 145 99 183 72 60 130 33 142 37 34 84 140 134 137 15 250
134 174 167 76 210 44 245 170 91 36 50 69 87 18 181 65 183 202 201 109 120 112 204 85 61 112 65 177 63 175 80 64 1 145 153 15 83 203 150 203 181 1 78 154 86 27 58 123 27 126 61 213 36 249 183 213 15 111 221 231 169 196 97 248 92 252 214 50 39 151 208 85 81 51 93 249 145 48 104 208
208 90 104 194 104 226 160 14 63 16 122 218 33 80 171 189 231 52 132 151 236 133 241 21 91 40 221 178 251 186 41 222 12 12 108 223 77 253 102 229 73 137 96 98 124 253 35 40 147 182 72 84 46 238 75 48 67 120 90 27 65 221 73 73 215 101 17 245 22 201 126 149 126 224 220 14 70 154 135 186
239 230 29 152 254 125 183 24 249 207 196 140 10 107 17 127 140 202 20 168 236 36 158 202 60 196 168 43 206 97 138 161 59 231 208 242 95 90 147 249 137 54 225 54 33 16 238 147 212 131 51 135 149 112 239 100 210 72 170 0 54 41 81 237 38 147 112 222 89 162 134 104 83 249 57 246 234 120 127 127
118 222 50 85 6 173 145 10 48 175 163 55 163 69 14 40 56 14 106 118 173 154 50 9 39 214 11 176 240 9 237 59 117 96 177 103 39 20 172 193 61 176 208 172 246 210 174 254 28 58 40 75 170 228 69 91 68 56 148 180 242 221 14 221 127 239 142 15 37 241 220 215 139 127 92 182 228 201 8 241
