70
151
249
107
216
228
109
237
240
133
51
174
109
12
221
35
43
187
245
254
133
4
14
41
66
43
229
74
173
27
213
203
142
171
105
182
110
222
191
149
179
106
118
26
165
193
42
249
202
253
107
187
115
68
198
126
216
128
173
221
219
65
180
21
144
102
236
212
130
82
91
41
166
38
241
174
70
111
139
202
160
135
66
4
220
236
73
66
164
194
143
114
99
124
189
177
122
136
183
66
221
69
73
184
159
196
95
177
50
183
71
232
144
89
13
212
255
154
220
23
25
82
73
58
75
212
48
151
203
22
21
18
232
117
211
240
79
171
102
225
63
47
104
177
248
165
79
214
78
93
223
185
185
191
2
54
216
178
6
31
246
99
25
106
35
139
40
96
123
8
156
115
193
9
238
105
105
73
31
127
55
42
66
200
248
84
69
249
15
122
165
220
158
215
227
6
27
243
69
93
117
166
239
133
203
4
125
123
247
194
195
37
57
109
78
42
216
36
87
243
247
167
249
216
150
137
8
105
210
97
249
52
93
30
242
2
248
4
173
239
