79 234 217 50 96 200 224 106 234 25 11 147 205 110 182 208 243 208 211 217 98 147 235 46 228 110 49 196 248 172 61 66 6 112 72 85 122 57 61 138 181 94 209 15 10 234 105 100 200 46 180 151 230 30 190 130 215 144 180 86
53 159 4 40 14 75 145 218 48 42 181 129 17 48 29 188 176 172 93 58 149 169 106 72 32 32 39 191 92 47 166 84 237 218 52 124 134 1 250 29 113 10 41 206 3 218 223 84 126 188 175 155 187 218 179 192 9 104 91 234
36 97 225 148 37 156 134 126 248 52 255 218 10 36 77 88 35 242 241 11 100 36 254 20 160 146 10 133 137 68 248 193 73 34 188 198 89 171 133 0 2 249 243 65 33 74 48 220 110 235 146 18 161 246 1 174 156 111 126 13
142 115 73 190 176 121 115 168 13 79 42 46 254 239 0 38 92 237 58 211 234 203 156 164 8 75 225 65 143 230 116 120 117 63 81 169 61 239 235 201 12 248 225 20 232 6 94 56 127 75 120 89 63 173 169 206 223 237 210 213
72 196 156 89 150 128 86 242 203 222 37 125 126 189 130 46 230 117 114 144 25 215 160 13 109 235 147 185 18 161 195 29 207 72 242 249 84 250 93 106 194 61 225 116 2 150 8 217 62 40 2 205 68 70 58 10 193 61 109 56
112 138 214 23 161 100 167 245 245 191 1 185 49 88 32 188 211 95 245 105 241 172 138 129 239 184 88 57 57 31 125 159 185 180 30 81 158 139 219 130 255 181 129 130 214 93 25 180 199 30 132 87 85 145 245 218 249 31 158 70
36 155 66 120 174 86 50 252 113 80 148 75 63 142 250 182 110 0 202 27 247 214 111 123 228 222 234 186 130 30 174 196 248 37 206 193 180 13 100 173 84 109 194 175 4 67 117 89 37 229 15 152 53 159 195 253 125 183 54 121
58 181 81 255 87 12 181 133 56 243 205 238 35 113 166 209 231 76 205 131 138 231 128 4 3 253 18 139 16 57 211 249 253 44 8 232 138 43 86 196 117 140 186 237 86 61 127 242 80 166 12 187 180 190 95 172 18 105 165 5
128 30 37 122 224 83 192 151 91 49 85 55 147 105 182 22 17 128 55 189 237 7 77 27 189 250 229 254 85 185 23 184 137 109 71 46 188 231 29 91 161 210 202 212 229 203 250 210 37 155 223 162 108 114 86 129 207 22 159 101
194 36 219 243 121 74 246 97 159 200 100 160 249 202 35 151 114 255 237 158 131 194 21 2 180 78 241 144 251 103 217 232 255 84 94 149 95 241 213 199 147 64 38 40 248 185 48 211 29 21 80 40 131 236 137 163 184 118 240 160
22 89 103 242 180 27 43 94 85 175 8 188 15 28 209 142 112 230 144 99 210 143 55 213 116 242 240 70 243 196 152 2 60 227 202 172 53 177 34 94 18 60 36 137 212 33 205 152 196 73 66 132 41 134 207 215 73 227 122 163
94 135 98 39 78 0 193 133 121 55 242 235 142 33 225 194 46 156 175 18 158 11 147 72 245 127 162 141 86 113 242 83 174 189 184 213 220 165 26 26 30 121 12 12 41 138 204 190 192 196 74 91 11 25 137 98 11 224 216 178
213 173 21 157 171 162 208 188 238 51 74 134 4 17 84 167 129 168 117 136 29 211 164 220 137 56 148 29 49 67 29 48 149 125 49 153 50 214 106 151 103 12 185 185 50 222 235 252 196 158 180 174 146 2 69 172 159 30 144 226
145 117 209 48 191 134 170 222 192 37 233 59 138 189 246 182 248 245 254 44 194 164 113 49 148 225 106 36 113 177 35 216 178 185 172 72 181 234 101 122 15 136 159 126 149 51 203 20 188 236 176 216 46 147 168 210 199 109 122 202
77 27 87 193 171 179 212 178 176 242 108 28 73 133 199 14 120 69 77 197 146 65 238 59 226 237 222 69 206 227 34 96 137 21 162 22 220 34 43 44 31 186 172 195 88 5 141 72 197 100 26 26 124 168 117 69 158 49 91 156
214 11 145 229 117 68 189 227 117 123 155 223 73 239 25 80 13 45 115 6 201 253 155 136 32 15 243 137 60 143 229 148 241 84 124 209 157 199 9 54 148 244 139 71 0 136 20 105 5 225 104 151 139 79 8 118 180 160 122 188
22 102 163 184 92 21 145 80 247 88 207 214 121 161 19 81 198 4 173 40 170 138 90 247 79 98 126 199 31 99 207 69 131 244 170 200 9 127 74 132 225 120 165 145 181 223 175 220 195 115 176 240 180 165 172 185 125 144 233 46
173 80 119 4 207 208 141 232 148 119 83 184 226 109 62 227 169 109 183 118 244 103 126 249 124 245 25 51 104 169 142 71 234 154 115 209 207 10 246 255 125 103 61 213 152 151 127 49 5 231 194 137 165 47 74 246 60 81 138 196
13 54 144 45 132 114 176 43 55 49 232 162 225 172 19 114 127 238 80 129 224 44 92 5 137 36 39 222 2 33 53 198 8 249 168 212 52 92 197 70 183 210 140 16 101 232 67 76 140 97 238 108 92 1 186 212 216 193 182 98
94 70 110 52 125 197 168 133 34 159 219 232 205 188 179 81 217 187 232 103 210 34 66 162 250 171 127 131 210 202 68 189 31 162 197 249 241 142 150 66 252 214 75 106 247 242 71 94 219 139 148 2 43 4 14 225 217 166 45 178
131 215 26 117 121 217 253 233 44 83 155 63 35 108 163 131 12 217 29 105 112 2 129 221 142 57 106 217 248 199 80 6 225 32 155 200 213 78 63 116 249 115 61 82 251 210 18 38 187 226 144 185 173 163 14 46 93 125 219 0
121 70 247 211 3 157 151 57 83 84 176 131 96 154 24 161 52 85 38 219 47 136 139 233 108 128 171 235 217 121 124 40 172 69 255 92 191 141 90 210 13 181 186 122 44 126 104 200 71 71 152 5 31 165 9 249 101 131 193 74
154 13 208 15 137 62 89 148 85 96 216 192 102 236 213 166 32 255 151 101 232 248 86 153 231 205 175 21 203 126 142 31 26 50 56 164 116 17 22 71 246 129 120 142 239 240 246 177 187 159 242 224 93 92 172 193 171 50 198 236
45 101 186 149 93 68 73 128 116 206 226 75 28 66 53 92 236 116 75 136 61 160 88 244 151 226 253 40 113 164 19 77 212 6 199 144 120 40 121 67 175 108 51 136 88 95 91 135 197 198 129 187 8 168 7 67 126 84 25 217
224 136 117 159 214 85 229 178 30 57 201 5 237 217 184 195 98 165 211 144 142 202 174 87 151 40 184 119 105 143 81 34 192 36 232 139 162 145 42 70 142 5 128 46 12 50 204 229 112 214 122 58 206 98 156 163 142 0 83 90
224 130 119 211 81 19 115 60 208 224 21 199 235 51 107 237 241 200 56 231 250 194 252 135 81 38 59 241 190 72 79 169 6 15 20 22 202 197 77 43 14 242 89 20 34 55 17 127 67 150 239 47 29 192 251 163 158 128 59 188
235 21 184 79 222 204 70 217 103 95 1 167 117 173 168 72 108 76 112 172 217 132 143 84 251 150 35 178 124 22 21 46 171 89 38 118 90 115 194 188 247 165 146 211 7 78 183 28 66 31 181 76 165 222 222 238 60 42 175 70
88 120 247 61 82 224 182 113 74 169 217 7 234 246 186 217 112 253 76 101 243 36 40 187 28 241 123 156 8 163 18 194 221 36 136 148 77 155 169 245 232 154 226 76 253 158 17 195 241 31 199 79 229 85 175 102 174 92 249 156
78 46 59 73 170 254 80 188 20 98 164 52 86 242 93 221 155 189 233 133 241 225 255 170 45 111 247 214 133 188 7 11 61 33 100 131 49 168 31 241 134 160 250 191 36 23 231 47 0 139 246 180 145 209 87 203 47 25 24 252
203 105 51 156 202 213 80 63 32 88 39 101 216 185 102 81 249 157 7 70 131 11 2 75 167 172 93 108 223 228 146 249 36 8 124 163 177 160 137 138 41 27 73 127 114 96 245 220 118 100 27 14 235 134 201 147 19 39 53 179
8 199 125 238 54 202 224 250 95 35 253 165 186 137 179 141 236 147 181 44 128 207 55 169 217 139 154 8 19 7 34 253 23 154 208 128 232 211 116 97 58 224 46 13 132 183 200 130 147 133 12 36 204 26 226 185 18 144 124 153
62 190 136 240 16 48 28 29 99 243 140 251 147 31 83 126 248 49 185 144 55 179 52 109 125 180 141 209 154 178 254 216 67 137 252 20 66 59 118 180 124 187 236 87 176 252 150 133 204 95 193 28 68 251 163 184 206 248 75 20
189 218 124 124 237 222 39 219 189 96 112 176 29 23 55 54 253 122 152 247 129 131 109 222 159 194 217 231 239 100 244 56 64 8 63 52 115 57 238 81 233 88 149 227 28 160 12 64 229 215 38 43 218 237 45 80 100 76 20 56
57 52 239 198 124 112 224 175 154 85 245 249 36 163 227 255 81 133 181 61 139 119 189 31 236 214 254 183 123 207 56 155 80 80 168 45 226 46 114 122 25 50 132 189 102 251 43 86 34 221 115 116 244 194 207 235 122 201 129 216
31 204 16 53 57 68 174 200 65 186 151 65 20 198 99 183 0 217 36 156 252 43 234 123 191 242 243 128 156 94 104 224 76 116 145 89 94 142 70 111 133 126 102 3 11 47 154 57 45 85 0 182 124 106 164 239 37 239 254 129
200 215 38 247 75 167 218 172 20 206 22 39 241 89 58 238 239 29 32 124 71 143 65 21 209 91 75 7 95 46 12 169 190 91 234 79 238 166 127 246 72 171 190 234 131 173 191 45 149 80 139 49 23 40 166 172 0 196 220 161
156 158 189 27 175 77 70 115 134 105 183 53 118 223 169 154 58 118 1 95 190 132 39 87 5 18 191 208 218 81 49 90 179 38 248 79 115 153 225 255 189 137 82 83 101 232 68 204 199 0 216 68 160 75 131 0 200 5 35 108
250 190 181 121 233 92 227 93 40 178 38 185 26 14 205 160 216 85 33 229 174 98 247 158 135 35 216 244 175 50 74 117 189 72 240 109 74 201 170 61 234 246 186 51 86 194 71 203 127 51 42 47 88 101 57 164 229 99 79 156
15 76 126 247 24 20 224 75 121 193 70 176 254 44 120 80 224 57 124 155 53 89 124 119 166 131 4 6 184 77 160 95 182 142 194 234 100 195 1 85 211 251 99 6 104 87 14 219 58 171 63 164 177 123 62 224 238 101 121 230
85 123 171 245 125 76 174 89 219 2 6 223 242 175 200 93 43 250 49 37 7 253 254 200 49 172 154 140 162 208 139 139 158 153 145 222 128 88 165 110 235 16 103 183 233 188 111 232 156 58 162 17 240 135 221 81 121 56 202 171
97 240 133 213 181 247 45 83 67 62 30 186 16 222 188 233 131 197 181 249 252 151 220 51 94 218 23 191 174 30 238 127 33 234 150 100 207 152 177 78 57 161 179 246 114 93 18 147 223 113 119 137 62 187 212 98 85 181 232 157
227 2 8 64 9 20 235 160 205 20 36 19 79 176 190 128 186 149 188 161 251 168 198 205 221 185 41 142 95 94 106 178 28 201 108 63 166 56 255 87 205 152 69 165 46 197 153 34 110 107 52 81 66 128 252 53 161 75 82 8
185 23 30 178 252 19 136 185 151 222 164 85 99 203 199 58 56 64 139 15 237 168 175 73 251 80 123 167 68 159 171 86 190 160 60 216 229 161 9 173 123 135 255 121 190 204 100 23 201 134 198 99 184 146 194 155 69 42 197 76
158 206 118 225 227 35 72 170 139 145 120 225 124 201 12 151 172 225 32 107 208 209 180 252 248 46 53 79 78 120 42 110 157 74 127 145 179 109 143 219 121 137 123 134 163 49 42 95 46 102 1 162 55 245 32 220 240 50 217 21
206 52 71 177 178 1 135 48 224 5 22 98 46 93 236 72 74 149 235 87 251 180 207 212 173 214 172 255 155 246 251 6 76 94 81 2 113 244 52 53 154 206 122 114 151 67 236 3 128 131 126 58 29 52 242 123 47 220 0 46
42 27 177 221 226 10 154 243 201 164 213 75 18 38 170 158 194 245 33 87 176 8 177 58 62 106 28 106 211 36 86 151 169 175 155 216 21 94 91 17 219 136 181 142 27 176 44 233 215 130 165 253 237 2 97 16 54 8 64 161
14 33 54 59 77 15 169 159 67 177 203 17 117 125 77 114 32 175 236 118 103 72 124 99 105 196 11 201 197 133 208 201 234 58 182 188 24 149 30 57 75 85 224 160 126 1 236 141 223 95 246 239 235 186 89 150 131 131 84 221
192 140 2 6 27 217 80 83 81 197 201 89 182 19 162 200 103 8 68 134 121 239 45 169 175 107 116 80 187 183 211 202 74 46 201 210 152 64 232 133 56 68 197 36 160 192 69 200 36 207 49 233 87 180 2 64 52 190 82 51
39 33 8 76 234 250 56 243 194 68 145 41 13 218 187 189 220 208 114 75 183 8 204 197 201 128 26 28 82 176 133 154 245 70 125 219 64 227 76 67 160 137 71 17 37 145 22 74 224 148 100 13 144 36 102 149 143 101 99 226
119 144 131 76 141 65 0 91 206 232 18 62 172 28 40 57 30 156 86 111 88 43 233 242 78 118 64 59 231 62 199 83 136 55 31 152 86 226 68 175 232 82 159 74 4 207 103 126 246 210 239 2 94 213 144 131 163 255 107 219
34 125 216 8 231 229 94 111 164 6 37 1 169 232 109 196 121 190 78 101 172 152 2 168 140 134 218 76 218 5 220 213 168 178 146 192 166 223 96 5 195 243 143 240 152 164 102 83 182 14 221 106 77 146 88 241 128 23 193 51
52 138 164 129 219 201 114 168 184 87 167 255 144 250 99 15 190 143 250 197 165 218 239 220 250 200 76 196 167 85 87 143 48 138 142 165 241 239 45 7 206 189 176 35 122 39 158 241 121 80 103 175 168 79 253 60 91 193 176 89
44 104 19 89 107 246 175 226 173 216 147 163 152 81 102 41 45 222 69 10 150 74 83 169 171 250 93 53 193 96 225 140 38 117 126 170 161 204 62 15 248 76 245 251 152 226 3 73 187 61 127 46 208 145 187 207 234 59 129 62
204 54 91 237 246 15 222 75 133 112 178 65 53 245 247 236 42 171 181 76 66 13 159 124 66 227 89 205 193 105 54 155 193 68 126 130 142 232 155 71 155 96 24 14 26 185 179 227 40 17 63 48 197 140 148 247 181 48 105 42
53 23 231 10 198 225 8 192 112 66 228 228 231 244 149 19 10 118 57 137 153 155 31 88 51 129 130 114 95 154 148 255 138 47 251 98 10 64 196 240 68 159 220 36 43 130 191 234 254 174 76 255 7 130 173 119 201 31 195 242
243 192 200 177 213 131 193 230 239 193 218 26 247 81 205 176 71 113 230 83 126 45 27 122 58 86 61 22 34 232 114 19 108 69 35 252 174 238 1 142 130 228 131 185 118 124 78 175 66 46 59 22 247 65 146 45 236 120 114 74
56 84 66 159 238 136 188 7 227 168 228 88 198 74 241 168 119 52 123 124 155 1 205 93 84 245 27 113 92 227 193 226 200 190 27 184 129 237 55 252 103 130 251 214 37 60 77 32 158 188 250 219 88 189 231 182 65 78 155 17
74 138 177 32 66 139 210 157 127 209 214 246 52 51 10 78 156 136 214 48 86 162 27 79 21 225 48 81 134 211 212 137 251 177 42 63 131 37 219 47 121 190 151 18 163 56 88 202 62 254 172 135 152 242 167 253 33 90 251 213
213 76 147 153 240 9 16 156 201 101 106 16 104 208 11 159 120 33 180 140 227 154 190 216 52 220 242 109 109 24 90 141 64 194 189 91 71 25 254 232 232 72 13 83 198 251 134 7 30 93 183 22 42 44 25 78 114 144 97 193
219 65 175 201 104 61 10 20 68 239 25 33 14 243 205 191 111 135 121 84 45 50 131 9 59 127 57 16 76 92 25 156 11 95 236 248 190 117 240 0 120 133 206 247 110 5 41 194 133 161 117 109 112 113 52 234 134 29 93 242
105 114 40 186 57 184 199 70 168 6 14 183 6 23 122 78 54 219 135 190 147 216 186 130 87 60 165 33 254 162 196 42 64 27 40 166 153 155 80 197 151 150 228 157 93 172 172 66 252 62 176 18 82 214 124 204 44 80 110 235
185 51 221 96 204 0 174 17 160 242 48 255 203 0 251 2 231 220 32 39 235 127 88 126 113 166 89 119 12 32 158 186 215 3 149 59 89 76 90 106 54 23 1 128 23 210 91 190 21 134 19 22 64 46 187 45 244 147 99 94
106 77 11 168 208 110 253 215 239 149 121 201 2 93 43 32 191 173 110 164 45 142 201 144 144 192 124 10 190 152 170 15 137 88 47 217 104 239 2 38 128 87 46 33 3 165 128 19 73 184 51 202 184 109 194 208 75 235 68 119
164 144 202 253 196 252 49 92 129 122 68 0 137 210 191 45 31 100 99 2 97 254 40 38 124 105 236 4 153 27 15 65 181 247 64 62 182 66 228 202 54 249 97 242 210 64 143 230 59 32 199 92 128 226 51 125 56 218 79 116
32 105 0 58 13 100 141 71 195 140 229 191 205 39 35 1 137 99 57 246 26 229 232 237 183 252 28 179 131 68 165 196 184 124 27 247 147 53 18 231 239 199 245 26 184 126 233 201 134 236 86 45 56 255 51 122 13 67 235 127
43 157 111 16 178 156 48 13 100 233 103 217 249 42 124 153 176 229 221 211 253 240 86 72 207 82 83 160 232 241 80 65 206 245 134 159 138 163 172 66 208 41 63 10 200 27 249 194 238 23 94 119 205 167 143 208 150 150 89 245
126 76 121 253 173 184 227 92 68 98 194 185 225 54 195 111 122 18 158 122 208 15 243 43 22 156 99 7 119 187 11 137 245 205 67 105 31 192 214 71 180 18 138 207 161 231 236 49 27 52 232 154 72 251 105 195 13 33 192 47
128 225 43 155 10 39 115 18 73 198 40 74 227 66 201 42 12 4 133 217 58 129 233 104 187 18 16 94 146 2 218 156 199 79 132 76 204 196 162 169 254 58 51 118 141 34 97 37 241 126 232 228 146 101 213 195 73 5 130 242
131 177 155 235 97 242 235 63 248 23 216 169 216 31 248 218 46 201 63 220 250 227 185 4 22 254 170 134 144 206 123 252 248 214 24 8 115 43 31 219 13 215 150 53 210 135 35 37 121 56 30 136 128 67 233 97 61 170 239 103
185 162 81 135 68 227 1 162 149 51 171 222 78 215 122 179 179 138 112 58 199 47 240 34 69 73 120 78 61 75 195 11 168 184 92 46 103 20 107 30 61 121 208 141 181 217 224 13 51 185 70 216 48 109 167 225 141 160 174 223
164 215 139 24 245 62 84 243 94 21 98 99 19 24 94 25 180 93 143 48 57 23 244 83 133 134 76 73 241 149 240 215 58 60 195 154 202 248 205 131 26 251 124 163 229 28 46 185 73 21 76 146 220 82 225 29 39 124 193 164
118 30 21 134 253 149 245 114 73 32 120 65 62 16 5 35 48 254 1 91 224 4 141 12 195 172 51 235 171 242 160 115 77 103 12 114 217 114 8 169 167 4 103 183 212 111 64 87 81 218 62 93 95 217 125 123 6 250 101 133
223 54 75 210 35 52 182 209 139 99 118 164 220 110 43 147 121 98 77 139 175 176 151 112 30 229 107 172 76 77 122 129 144 88 88 200 54 165 46 193 142 241 75 3 106 146 109 199 59 76 111 204 144 162 7 83 46 29 138 156
193 6 249 8 201 50 92 65 95 187 182 195 35 249 211 83 178 168 117 21 223 152 137 150 33 67 134 217 159 142 242 235 221 77 189 89 205 3 113 123 30 103 152 63 4 223 255 1 4 53 27 211 117 217 161 229 153 20 196 149
150 170 86 221 134 190 58 8 25 53 136 207 182 16 189 170 211 212 48 109 15 55 222 220 82 74 105 132 156 204 128 96 216 235 53 71 175 69 33 61 17 15 89 120 236 48 48 87 147 84 18 133 219 238 234 51 20 30 199 97
177 149 220 32 110 103 162 78 56 74 150 106 38 226 247 108 59 116 178 149 142 76 82 39 35 155 70 133 194 48 175 42 181 38 55 28 70 183 137 103 124 230 202 201 205 58 247 45 47 117 79 248 164 0 114 232 25 31 249 206
104 173 82 251 91 25 118 7 161 182 37 27 182 170 218 163 192 86 201 205 51 30 237 106 239 162 116 59 90 147 237 251 51 231 182 175 65 133 42 138 174 31 35 93 90 20 63 89 88 233 144 35 28 60 12 236 106 209 49 89
72 108 123 9 253 71 42 116 193 55 178 217 195 74 152 55 135 202 117 8 8 233 17 99 62 27 136 34 135 89 141 148 43 53 228 114 165 124 123 193 248 29 119 24 16 121 154 106 175 202 155 143 14 137 78 169 192 74 200 109
67 9 58 120 252 157 96 116 23 10 193 245 37 35 5 143 86 136 115 158 47 55 104 229 18 231 75 7 152 99 31 251 175 234 114 120 49 176 139 76 20 220 54 102 179 131 159 13 9 4 114 96 53 162 152 59 65 111 183 101
35 228 103 240 48 119 89 215 165 79 27 189 161 107 86 99 217 163 158 48 173 155 122 87 238 31 10 47 49 239 122 54 138 83 171 105 118 203 133 96 152 67 163 69 198 215 155 181 21 149 91 78 144 169 148 120 211 36 109 126
130 53 171 25 242 205 33 55 24 215 231 82 224 194 203 20 229 18 233 207 225 201 96 198 32 63 99 143 10 246 245 189 8 212 106 134 209 206 100 137 126 142 147 173 26 239 240 148 214 148 6 40 245 19 138 65 124 70 147 41
249 240 11 125 192 191 107 195 78 202 16 56 251 48 210 131 38 182 143 86 216 134 80 150 64 66 216 120 1 40 127 122 212 56 22 91 155 18 31 187 225 106 6 102 252 18 38 69 151 102 183 39 19 52 118 30 6 103 188 53
45 54 214 133 15 123 18 38 201 237 138 173 140 102 3 207 232 174 159 36 217 180 68 207 7 252 125 110 181 129 96 0 150 60 102 76 231 8 108 47 221 126 95 51 113 236 254 112 61 76 177 44 180 80 179 48 104 52 53 119
22 59 172 203 177 138 81 231 240 32 110 179 98 1 99 80 33 132 19 150 46 171 119 253 178 124 46 235 62 231 230 163 81 208 204 225 94 68 120 98 106 167 239 185 38 68 94 232 63 38 144 230 216 139 145 151 147 188 67 54
172 69 204 28 183 20 40 119 147 99 231 237 112 139 167 178 213 230 144 45 80 84 151 77 71 209 84 12 113 181 213 232 53 154 164 159 97 93 168 72 17 221 111 88 232 22 67 176 76 24 252 166 250 8 138 24 221 105 180 189
209 69 113 66 83 242 117 192 28 127 88 69 121 69 190 17 74 17 158 118 210 185 202 163 164 141 156 25 227 194 254 180 216 53 68 124 162 76 165 222 136 74 30 250 241 107 104 17 214 124 145 106 151 20 56 253 96 64 177 68
200 131 54 75 202 145 8 213 97 121 21 254 76 22 193 211 155 66 252 190 223 21 18 223 37 255 144 220 134 101 151 230 50 194 199 205 98 165 71 53 236 23 239 213 215 146 115 93 203 221 19 76 21 96 183 96 140 219 207 18
44 219 121 221 56 10 62 205 56 30 105 81 178 37 206 249 107 245 255 142 221 180 78 54 203 11 39 2 186 52 78 131 34 20 157 156 195 66 123 250 124 103 151 90 238 198 221 251 135 119 208 252 62 108 59 243 253 240 214 64
31 35 214 125 123 142 71 230 5 92 124 173 115 184 116 238 1 167 245 165 93 56 207 52 13 108 139 108 212 248 73 81 58 243 160 2 13 25 158 60 8 206 180 165 64 34 98 98 183 123 71 178 54 74 212 123 128 50 203 28
36 94 172 227 145 152 146 58 91 80 221 200 203 168 29 161 172 118 220 110 149 229 157 9 53 6 169 36 113 71 83 167 64 111 169 240 163 230 216 103 143 146 140 9 213 122 182 48 103 188 82 185 216 75 88 67 63 162 2 67
232 203 152 145 39 187 254 214 149 59 108 132 59 70 147 179 35 249 248 139 129 37 186 76 6 130 137 141 178 178 33 4 97 110 6 243 217 50 68 250 134 88 237 83 238 107 151 243 137 2 221 194 157 193 39 228 194 99 70 4
254 232 241 68 163 240 138 255 161 87 92 64 203 11 144 86 11 239 136 60 205 96 224 195 161 221 109 188 122 127 160 171 177 204 254 51 163 52 83 172 124 127 175 177 30 170 98 213 78 224 231 139 251 240 126 196 54 98 252 167
204 253 130 10 64 51 139 26 183 41 160 30 73 135 49 83 190 155 87 218 131 145 170 99 50 101 89 66 212 246 200 210 209 83 249 204 156 160 48 223 83 182 158 112 50 123 129 133 65 249 24 94 60 56 40 57 9 118 225 69
165 112 123 169 180 11 21 216 225 76 145 0 87 29 159 254 218 128 254 201 219 66 63 111 149 71 90 73 54 158 109 243 95 24 6 155 185 249 7 2 237 174 11 223 44 57 110 101 63 198 120 38 112 195 144 105 226 194 134 116
67 127 245 224 228 168 134 254 113 109 138 46 175 64 90 205 42 235 44 191 216 23 16 36 226 179 193 140 171 112 93 24 254 199 127 250 35 75 202 104 209 189 153 37 18 210 90 39 206 123 176 218 38 90 134 73 73 161 164 249
111 170 146 9 47 94 64 91 153 213 193 238 42 126 251 140 204 99 22 32 83 19 19 6 133 181 167 110 169 135 57 150 70 179 7 92 44 150 214 232 184 126 18 64 135 145 26 161 1 123 166 47 210 27 5 64 17 0 244 12
149 17 166 162 41 221 232 188 26 138 172 248 30 198 164 109 175 194 127 117 216 101 184 129 38 91 158 154 182 204 136 219 123 107 38 179 112 218 121 208 158 164 212 223 233 184 54 151 144 144 27 67 97 173 12 12 191 99 193 144
138 161 30 20 123 69 132 133 242 163 223 243 178 127 118 99 207 186 36 1 137 239 219 60 88 192 145 244 120 149 152 200 125 20 114 176 111 7 85 130 46 99 228 198 185 172 203 5 222 39 37 186 0 27 100 4 138 40 168 90
105 13 184 36 41 235 50 228 2 72 129 183 226 88 220 62 33 65 179 162 97 12 84 164 79 6 188 20 193 22 102 1 237 27 143 7 24 82 61 108 44 237 216 174 54 136 219 124 107 30 220 18 93 53 134 109 192 83 162 129
80 16 255 131 209 57 64 80 0 51 36 202 198 91 60 147 211 32 21 116 67 60 40 131 26 170 159 181 133 64 152 201 86 91 91 235 79 150 226 160 221 235 75 13 113 229 84 223 68 200 102 71 141 212 178 112 45 165 155 19
32 31 45 200 132 14 109 103 224 38 206 99 100 217 255 162 198 26 18 70 217 192 126 139 4 103 229 77 0 87 125 43 189 204 60 57 181 99 123 128 125 134 111 180 85 85 26 185 32 24 45 76 53 239 34 96 152 169 224 2
128 30 144 168 238 67 179 85 153 173 76 199 141 144 50 56 176 1 176 224 191 54 179 77 10 22 238 159 230 64 108 200 153 153 212 253 38 184 44 161 55 208 78 216 152 200 197 36 112 8 17 124 87 171 123 225 202 253 210 168
11 145 170 10 150 91 29 239 224 227 249 172 2 159 120 105 244 37 224 166 37 127 165 139 212 102 68 255 121 0 209 184 124 221 1 5 207 98 64 92 23 46 14 182 230 64 111 197 164 141 132 6 226 160 82 86 189 168 230 90
157 27 46 6 199 13 244 52 176 162 143 192 201 130 24 131 93 162 89 96 145 83 136 72 140 163 200 233 96 249 222 2 159 245 76 179 133 241 198 131 45 235 19 149 182 126 17 74 153 244 97 2 104 33 68 58 34 174 39 210
171 117 230 57 164 125 212 192 189 206 12 232 227 31 74 55 41 130 49 133 120 116 182 155 26 120 193 57 247 23 238 56 193 88 26 68 142 244 148 34 41 197 159 59 111 171 30 190 16 1 178 235 163 233 38 61 149 210 218 159
57 146 147 44 116 215 28 131 105 203 16 183 84 112 62 209 59 62 215 174 60 75 242 107 169 158 30 192 135 70 211 100 4 17 179 110 225 154 161 12 243 240 145 94 210 52 176 20 246 160 219 198 40 157 62 185 96 149 42 177
102 70 57 124 219 218 52 113 148 109 57 135 69 36 78 203 8 52 170 195 236 19 197 226 89 252 148 59 117 254 154 137 111 227 40 80 226 10 233 228 108 15 170 93 198 203 254 114 30 88 152 26 110 40 56 198 41 253 101 189
104 128 97 82 164 198 77 189 30 25 189 57 153 137 107 220 130 77 69 130 78 139 161 183 126 234 167 232 13 50 23 248 191 37 88 212 238 101 115 117 143 140 56 6 16 164 185 235 65 227 156 230 52 70 245 1 164 27 201 68
93 54 183 188 179 87 178 65 233 213 30 93 160 11 132 172 55 69 67 8 103 216 75 107 132 188 151 128 13 163 26 123 143 28 88 210 171 11 129 133 130 247 154 253 201 47 24 141 12 35 147 121 254 240 113 255 110 109 247 156
246 34 84 3 190 70 196 230 193 103 72 202 249 157 239 137 162 246 20 234 253 118 222 154 40 66 81 87 249 86 31 236 14 105 21 84 244 14 132 170 34 143 232 102 72 54 40 13 144 25 115 224 95 81 234 219 155 182 237 32
61 50 250 43 229 132 121 13 201 26 68 227 73 245 210 208 21 202 90 61 115 138 131 162 3 186 106 200 142 198 150 49 119 229 160 64 112 200 192 169 23 207 132 8 110 11 155 89 212 216 61 183 192 149 146 100 176 201 172 231
35 100 219 133 161 160 252 90 244 116 234 252 235 43 90 39 81 34 33 117 93 88 252 230 70 154 154 242 132 24 87 37 73 4 0 211 203 172 240 238 25 25 138 247 208 219 149 199 36 200 246 67 77 96 65 113 216 237 16 108
93 108 212 233 180 6 228 148 204 240 1 102 204 14 137 127 172 197 41 25 14 74 0 183 143 140 188 91 166 35 128 20 217 135 137 147 222 187 182 142 64 119 129 195 216 153 230 22 132 162 138 33 6 150 112 159 252 111 151 47
100 44 179 245 201 7 73 45 4 147 202 217 252 222 26 230 170 223 92 66 63 239 14 251 73 75 84 85 42 141 177 156 54 77 40 222 8 74 117 5 130 94 204 223 43 68 63 158 142 97 198 169 166 144 52 166 54 36 212 148
135 238 124 93 98 190 18 39 132 38 175 177 249 9 169 65 95 37 8 249 41 78 150 204 183 87 134 222 252 214 175 190 208 11 35 171 178 44 100 244 112 102 109 176 169 71 254 34 224 48 251 115 241 60 138 36 148 37 125 136
30 198 55 67 124 105 113 184 29 83 192 91 10 120 230 152 74 91 12 185 48 89 151 211 122 99 169 181 222 172 236 185 134 51 235 112 11 34 188 210 38 148 221 221 163 189 185 88 37 7 219 127 38 75 231 76 9 237 145 87
248 36 54 73 134 197 60 39 164 128 176 243 9 3 120 252 132 221 216 40 44 181 93 25 23 47 193 26 159 164 123 213 100 45 250 40 98 25 241 96 197 241 39 18 230 57 9 19 192 154 61 152 45 0 29 241 7 85 241 90
207 227 28 114 213 29 7 178 19 25 237 218 227 41 64 9 68 251 121 253 203 179 199 26 52 200 157 140 236 112 124 210 233 190 250 227 21 238 31 23 8 235 15 87 80 211 213 225 126 222 92 191 235 189 221 246 21 60 29 173
220 190 121 30 236 96 219 17 31 101 103 244 185 202 157 208 27 180 199 247 160 7 98 114 101 99 119 120 133 212 29 223 139 51 42 202 76 49 145 60 123 78 13 79 192 46 181 176 184 201 117 201 157 179 164 130 56 239 144 175
97 161 28 139 21 52 1 71 210 122 128 128 197 211 99 42 132 240 224 128 156 215 61 122 136 166 73 9 155 144 35 89 10 196 222 251 111 1 237 8 198 13 180 236 108 25 254 125 29 245 117 145 163 36 62 61 104 103 10 18
79 77 71 1 164 109 142 110 161 177 245 196 180 190 94 112 255 100 172 61 162 165 94 31 51 19 16 110 149 189 113 66 63 115 139 111 48 43 88 39 142 134 72 217 86 14 182 74 9 99 232 185 42 75 95 224 72 168 159 140
106 246 197 244 119 24 10 44 183 51 65 9 71 5 177 18 41 60 140 158 206 233 14 180 103 157 123 99 13 253 233 152 212 233 181 39 205 183 72 141 168 220 33 230 211 33 191 89 249 95 90 45 220 106 172 226 206 223 29 27
104 175 179 255 83 185 118 118 93 252 161 158 30 63 31 246 115 191 9 101 5 70 102 148 158 152 103 8 216 233 62 76 18 0 121 222 65 84 12 127 194 82 56 54 250 189 163 211 193 215 84 192 23 175 182 90 95 68 164 46
253 57 99 198 60 149 10 211 195 196 177 150 18 26 227 15 231 168 172 207 106 172 89 221 116 108 11 221 179 127 134 143 159 56 68 58 226 88 13 101 177 232 143 137 210 11 121 63 174 60 141 150 228 145 162 16 68 245 250 159
49 55 114 201 127 181 245 93 145 7 147 220 188 27 152 46 93 10 181 229 198 155 27 249 138 114 124 110 92 14 126 253 133 129 192 82 30 77 17 70 247 48 206 211 136 56 214 60 141 201 69 229 67 237 110 172 137 191 246 242
203 191 89 195 113 69 248 206 195 237 15 4 237 172 10 157 48 153 153 140 71 191 173 116 161 162 193 128 95 106 204 215 228 233 189 39 15 65 74 63 0 149 128 30 44 89 40 28 138 59 61 105 15 158 51 86 211 101 142 122
133 2 250 124 10 58 175 123 233 240 72 109 111 46 90 129 0 242 240 204 153 197 238 244 237 99 123 114 116 61 93 250 221 205 97 176 224 249 13 97 224 160 94 125 93 136 84 1 170 241 59 72 222 170 185 215 72 225 231 148
199 89 115 68 95 140 239 143 41 161 7 191 174 45 8 58 105 43 107 75 240 117 228 235 173 59 225 177 106 147 107 184 13 12 248 202 39 20 104 204 239 147 8 82 120 236 108 162 166 126 59 154 236 36 252 163 190 158 105 55
179 170 230 17 158 161 46 115 196 101 174 138 193 28 209 202 169 247 87 93 205 230 134 13 86 110 212 65 0 129 77 30 136 98 52 18 164 173 145 92 222 35 174 67 118 239 45 234 74 4 152 223 107 207 165 27 3 231 92 69
108 96 14 244 218 238 134 27 185 207 60 19 118 150 59 84 161 81 72 53 39 39 157 127 79 108 243 85 165 99 62 200 99 132 150 196 21 155 109 156 214 132 228 250 43 56 154 30 91 201 190 249 210 81 120 87 66 91 169 143
31 231 214 240 219 157 108 107 88 208 208 42 192 83 49 169 77 188 114 47 190 95 183 194 119 234 216 50 203 252 151 167 90 107 218 135 158 118 15 215 70 3 84 159 162 29 50 83 170 140 21 130 166 199 102 107 16 67 8 48
210 26 115 206 245 151 179 148 9 52 40 153 95 244 134 24 160 29 50 36 15 170 232 48 27 114 100 118 47 144 54 15 86 75 28 102 78 190 156 93 196 186 30 22 244 47 19 185 82 51 231 107 74 196 79 117 219 113 63 73
255 225 118 72 73 248 182 31 181 223 50 251 160 231 212 61 57 200 174 158 236 154 66 237 137 197 128 38 94 251 133 244 237 88 201 36 157 185 249 242 75 206 0 141 250 93 82 78 134 90 88 166 227 165 178 162 142 175 244 241
28 88 81 23 192 223 153 241 200 237 92 111 218 25 177 121 143 229 104 232 214 145 142 24 19 71 61 167 130 239 170 81 136 90 121 139 75 172 250 154 107 144 204 154 51 251 4 219 123 125 43 233 31 81 2 228 46 178 36 11
91 48 16 159 155 62 15 226 36 233 218 128 135 217 35 161 114 254 130 64 117 145 70 172 48 83 169 171 231 197 241 23 252 255 221 42 216 201 253 194 202 7 171 100 238 241 39 231 190 121 38 251 131 84 141 223 97 151 213 201
238 214 131 174 135 118 43 239 224 160 235 209 102 250 144 66 200 56 250 96 15 141 195 181 56 46 85 52 132 19 184 118 237 103 175 213 71 122 140 201 6 57 19 244 71 89 55 109 192 88 201 14 216 179 214 161 200 67 233 241
237 84 101 140 147 124 91 59 166 57 86 126 172 139 142 174 91 106 90 55 45 88 43 144 191 133 188 80 179 63 254 175 178 236 212 76 36 85 207 133 124 181 126 107 92 23 126 92 37 243 11 193 148 224 108 6 69 20 179 218
155 34 201 54 64 211 217 175 142 192 7 59 37 25 40 210 48 228 72 185 179 110 200 97 227 121 240 246 19 97 68 249 69 102 234 60 29 197 204 163 243 132 21 5 235 118 149 94 40 209 208 71 2 20 137 199 70 244 12 244
30 232 79 120 144 250 20 9 211 149 125 173 139 213 47 33 241 238 215 36 222 86 91 233 96 51 120 128 178 73 230 236 173 53 205 57 39 37 27 144 230 70 182 175 120 36 117 110 225 16 17 222 121 152 110 244 72 187 241 182
214 177 161 212 210 102 125 110 156 98 130 85 227 99 160 153 78 49 210 208 70 149 28 245 145 181 216 241 215 1 14 178 137 116 195 214 62 168 149 234 66 220 214 223 216 82 75 244 24 237 178 54 106 91 138 101 208 152 29 203
135 143 95 181 24 92 73 51 126 45 143 94 172 250 113 213 231 92 177 223 160 23 14 249 224 199 97 235 220 136 158 135 233 131 39 144 172 216 193 194 195 184 245 94 145 46 157 9 62 203 141 121 182 223 194 111 6 252 251 52
142 110 21 91 242 103 149 107 127 111 242 206 184 176 242 181 103 159 116 226 252 228 108 129 253 166 11 218 104 98 20 202 15 130 114 121 117 43 8 248 152 42 231 196 214 250 114 1 206 163 219 77 246 240 44 125 2 200 166 190
58 143 11 35 124 76 91 115 49 151 188 67 194 135 28 92 50 231 78 215 212 111 211 23 109 173 44 162 69 138 208 110 122 247 249 226 194 57 46 113 44 131 37 2 87 48 204 122 73 110 187 86 176 43 36 206 38 81 102 182
153 17 22 34 197 5 87 227 105 230 128 169 234 76 86 92 16 115 27 215 78 241 221 223 149 126 49 26 3 65 210 252 79 18 108 223 201 135 40 175 173 15 231 218 3 9 3 12 202 229 192 150 115 244 38 254 158 236 33 132
70 201 161 3 173 30 141 83 92 43 81 188 74 111 137 31 44 120 75 90 10 64 25 130 123 210 160 203 91 26 232 118 82 63 212 57 30 189 124 40 13 179 107 88 103 36 170 16 74 163 236 239 141 140 95 22 163 133 176 22
133 222 252 139 130 120 140 229 98 146 62 14 248 221 212 39 110 66 149 39 31 132 235 248 133 41 10 241 214 64 149 204 181 144 192 156 196 119 254 12 254 22 83 9 252 112 74 183 19 43 56 23 213 220 115 4 57 225 27 42
133 119 16 167 176 48 152 85 144 238 46 59 72 238 18 249 170 39 129 165 119 36 10 251 110 51 6 130 16 193 5 166 122 181 227 29 170 235 230 147 42 21 168 28 58 81 92 78 28 79 125 112 143 110 8 21 118 208 101 124
211 96 73 108 5 38 191 138 178 214 175 205 150 38 187 210 64 117 96 162 227 134 244 231 2 169 131 63 75 114 152 32 93 152 20 36 143 50 22 133 93 80 68 41 2 183 171 179 26 101 157 71 132 182 15 55 150 105 232 210
29 74 60 75 108 98 72 131 236 144 166 158 55 204 4 74 145 30 98 161 190 224 222 93 213 207 255 122 7 62 164 183 103 51 222 177 9 181 71 25 46 155 12 43 171 235 81 190 16 10 126 110 177 132 9 160 61 105 181 80
176 43 120 214 53 99 249 82 185 212 239 95 201 7 216 62 62 242 196 247 241 106 70 22 73 51 5 252 139 7 119 32 253 108 53 59 64 173 244 253 125 76 165 63 18 18 230 150 15 213 218 169 245 149 73 93 192 14 148 240
213 97 27 67 117 43 31 32 62 195 134 154 230 116 157 160 113 113 107 188 54 81 107 137 36 95 33 171 255 21 96 104 15 189 43 140 23 48 197 1 147 248 108 225 50 83 25 150 137 41 184 109 244 179 137 115 254 106 251 16
44 29 164 47 237 34 238 170 17 164 237 40 4 102 42 184 214 88 216 109 7 29 118 17 122 175 116 188 59 245 3 116 180 199 126 245 176 38 162 130 179 130 211 207 250 118 61 223 196 61 44 24 115 64 163 46 114 25 154 193
244 101 47 142 196 146 232 43 255 21 21 130 22 217 132 207 190 216 240 67 175 221 42 70 177 59 237 115 79 11 94 44 18 237 240 15 0 97 94 58 98 175 134 208 151 230 225 32 49 227 251 147 47 109 110 162 200 238 36 237
22 153 123 169 165 19 127 109 17 177 202 219 138 169 122 117 238 184 202 130 45 157 121 173 57 86 99 201 101 249 6 246 189 65 89 165 84 216 208 152 43 64 84 11 191 250 154 140 218 86 70 218 190 4 127 83 252 204 104 101
250 33 26 105 137 232 200 13 98 205 148 184 217 88 82 3 231 195 15 71 144 241 174 167 73 121 96 129 15 170 42 125 188 32 159 158 70 105 137 48 186 68 93 246 197 173 168 119 220 102 141 24 13 34 41 168 87 255 66 137
98 16 99 164 162 16 70 193 48 197 228 80 239 107 159 235 150 137 94 175 146 229 214 225 201 118 235 11 214 7 136 34 242 192 172 216 8 12 247 83 240 222 159 168 174 141 195 37 161 110 84 145 130 70 234 75 10 244 24 30
128 206 136 129 163 235 166 74 170 34 14 139 172 4 246 66 245 215 3 100 104 189 81 255 3 41 99 139 96 60 35 143 111 192 165 156 254 171 124 39 71 112 39 150 169 163 102 99 41 235 17 220 24 44 70 122 59 2 52 43
156 2 198 140 161 103 231 0 2 141 216 0 47 124 9 41 179 170 40 15 109 243 117 134 17 9 132 152 1 226 112 139 12 135 91 103 224 50 138 139 132 27 227 235 185 155 44 16 174 6 110 211 37 109 139 208 181 79 219 176
26 55 59 61 38 34 153 167 65 143 35 14 23 47 81 79 163 46 85 100 14 72 130 99 62 247 186 72 35 177 2 89 78 178 194 25 116 84 90 163 23 4 44 3 141 190 241 79 217 6 18 84 80 27 171 94 155 15 18 57
174 5 78 137 237 151 245 241 183 238 43 81 75 230 94 12 227 88 184 250 89 122 32 253 16 229 135 39 192 226 4 69 154 170 54 121 30 10 33 160 135 5 165 224 73 174 150 32 224 12 20 129 126 243 190 187 7 13 110 81
26 3 248 25 143 224 246 63 109 155 7 143 52 192 71 45 154 143 40 61 16 66 208 129 151 210 158 210 193 147 124 115 254 101 149 32 99 93 79 117 16 12 12 139 240 61 33 98 8 141 5 226 230 243 126 178 7 155 173 155
61 128 157 133 90 206 95 172 228 69 24 194 24 23 8 178 74 222 197 107 43 183 50 3 157 148 133 25 125 217 48 243 111 48 29 24 221 199 193 36 199 225 233 165 59 43 221 179 245 44 78 150 33 109 89 205 185 135 46 136
71 188 57 20 116 116 207 251 66 24 241 77 28 30 59 186 141 12 219 0 189 187 193 239 174 81 207 123 205 27 125 55 139 78 78 90 93 247 98 44 132 69 69 152 187 149 95 145 26 106 34 59 117 50 37 125 165 19 137 147
1 12 233 123 152 73 252 168 217 188 217 132 147 89 105 131 161 254 213 239 186 207 237 176 181 148 33 34 170 193 88 92 109 224 79 184 30 127 25 205 194 85 204 141 61 38 99 81 119 28 177 183 253 186 147 186 34 220 25 125
143 163 46 38 41 176 142 49 196 220 121 84 85 8 226 115 35 155 112 115 228 175 78 82 141 193 224 135 186 186 95 82 200 56 200 103 88 227 207 161 123 140 108 199 42 243 197 18 210 219 47 121 157 198 103 112 8 161 109 79
60 242 223 108 11 154 100 170 162 157 63 201 26 79 149 220 95 237 83 163 19 150 91 56 95 31 112 63 34 243 200 33 195 56 201 208 179 156 156 167 45 175 59 219 42 77 151 114 171 120 126 44 209 157 194 74 2 98 118 180
147 147 160 171 233 96 56 205 87 238 73 129 50 235 243 107 161 137 45 171 1 170 104 169 44 74 29 32 63 125 9 23 133 16 31 125 129 174 99 119 136 78 242 80 101 56 169 71 138 10 112 220 80 53 44 65 17 245 49 191
35 228 129 241 173 157 6 122 105 56 255 231 88 253 82 54 219 62 201 236 108 178 233 203 225 236 118 71 117 234 16 95 68 94 128 243 129 230 170 25 51 13 54 132 220 175 117 46 97 153 146 255 78 67 3 73 70 254 133 66
183 94 146 108 42 182 126 203 123 32 62 65 172 133 239 171 205 172 155 202 90 97 194 117 187 9 72 175 173 11 93 230 130 88 163 73 34 14 33 18 50 37 224 88 167 30 79 226 137 191 42 114 221 56 2 248 204 6 147 213
205 142 18 220 18 81 180 225 72 200 228 126 112 169 187 225 157 233 230 190 195 183 189 217 201 239 168 31 74 35 93 193 79 227 112 250 88 140 135 195 218 125 58 127 184 77 250 77 252 149 96 31 29 221 154 200 223 18 22 66
151 127 63 198 104 141 239 229 225 193 112 153 118 46 72 15 183 50 56 47 98 202 51 179 124 111 183 173 169 147 37 137 141 52 43 183 64 190 226 97 131 88 187 119 97 195 246 91 244 36 242 16 168 26 226 183 147 183 142 55
109 68 136 1 133 178 215 132 249 237 15 155 44 100 69 67 182 133 241 238 42 179 206 114 112 2 174 117 164 181 117 197 180 82 119 40 240 156 140 90 247 108 167 98 173 248 155 60 219 87 252 56 25 216 125 15 89 32 81 239
161 200 13 253 239 68 135 212 237 183 245 68 209 187 185 232 209 92 228 80 93 193 93 11 87 32 108 150 238 12 41 112 252 107 205 238 229 196 1 5 79 7 204 175 110 63 103 148 194 222 55 225 116 35 91 154 37 100 93 104
143 160 94 221 115 136 56 227 92 211 90 76 116 111 121 41 169 127 253 108 7 124 59 74 85 224 12 126 95 230 139 186 238 250 5 158 138 75 170 166 30 236 40 252 119 67 248 162 57 214 232 81 181 50 114 72 195 216 236 96
35 222 27 255 20 238 179 84 232 142 79 146 86 63 39 31 70 236 29 8 97 172 118 40 194 211 251 67 217 54 0 72 241 130 238 245 176 103 15 244 2 176 169 77 114 128 194 185 82 82 24 21 88 74 128 183 1 164 170 53
175 138 149 101 41 155 233 209 97 97 236 225 237 45 35 68 106 133 81 201 219 11 169 9 68 145 64 194 192 15 221 164 235 116 100 181 112 13 127 172 99 224 57 44 110 171 188 199 75 196 14 153 231 104 94 210 185 119 174 79
31 241 83 51 32 144 148 138 218 241 110 1 232 164 33 164 249 27 58 54 134 110 243 54 5 222 121 219 208 53 33 245 40 149 111 247 134 130 147 139 141 105 106 176 156 37 131 115 167 30 169 87 77 161 210 49 110 4 180 131
148 9 36 29 24 11 243 245 127 55 162 14 141 53 117 153 229 251 33 252 115 240 81 172 227 4 84 171 2 91 199 147 18 219 161 64 232 198 157 251 59 113 4 78 192 68 190 239 10 186 60 99 189 148 146 7 54 151 107 219
150 34 127 229 231 42 69 119 15 220 121 187 133 148 195 160 116 95 5 212 123 250 82 235 74 142 71 157 238 77 252 13 84 41 34 118 251 120 245 23 162 105 105 40 213 44 96 159 110 16 9 93 26 63 179 196 43 239 175 212
144 187 212 83 224 58 215 86 100 47 40 168 222 144 141 111 40 195 86 143 100 70 93 73 137 136 124 151 125 63 195 27 75 161 98 76 252 80 50 113 122 172 90 57 11 87 112 212 105 44 64 183 139 66 163 14 75 170 177 225
132 134 164 226 66 183 56 213 165 12 235 248 87 217 153 174 137 225 93 7 185 51 36 224 11 226 75 194 71 46 152 202 86 16 185 56 95 175 126 44 200 31 119 142 98 97 30 226 174 97 170 52 52 25 44 81 40 186 37 165
168 67 59 44 32 192 201 49 95 188 218 24 222 159 28 21 246 222 218 7 86 86 13 172 203 58 97 60 125 109 9 49 224 237 123 99 182 188 87 57 20 61 140 100 160 9 115 249 162 71 192 228 19 186 99 63 53 103 228 215
34 151 155 110 207 254 29 158 128 83 183 36 132 116 155 189 103 111 47 108 137 56 8 145 80 60 174 171 51 119 156 5 83 237 195 182 72 241 117 145 163 91 165 154 114 65 114 70 251 236 19 51 231 21 25 214 144 23 116 176
212 245 205 11 153 20 247 47 62 117 190 152 94 62 205 36 131 195 76 41 164 86 29 57 34 82 73 42 100 238 50 163 81 73 151 2 85 124 181 197 152 149 215 227 190 190 208 30 204 92 184 208 239 121 109 185 69 128 230 145
101 181 171 153 114 234 123 183 175 33 93 199 111 212 62 86 106 38 154 119 188 145 2 86 9 209 140 136 32 151 62 146 56 231 244 242 45 150 182 175 8 132 182 248 127 178 32 250 43 39 205 40 181 235 98 12 198 126 153 241
12 107 232 92 209 238 195 186 64 105 234 147 164 222 75 235 119 83 159 110 112 107 176 199 126 143 146 95 121 91 36 193 55 136 165 71 188 72 217 102 24 83 124 242 170 200 150 128 79 94 126 246 237 28 38 135 25 89 239 221
113 24 202 117 90 243 69 92 113 131 124 23 83 24 109 202 202 214 74 115 85 184 77 44 14 77 167 84 20 56 207 66 107 38 222 116 191 43 217 70 236 188 243 8 131 215 64 151 170 80 241 208 116 246 136 151 110 187 225 208
90 19 225 173 127 42 27 254 255 230 230 113 91 239 205 135 109 73 194 149 101 203 183 47 215 198 236 129 196 186 192 77 41 251 116 33 235 140 128 156 149 94 41 252 4 21 223 220 143 218 238 235 224 230 140 13 70 56 242 142
156 210 5 194 195 117 62 165 13 213 16 59 166 220 95 97 168 213 65 53 14 132 146 137 211 88 13 35 134 154 10 198 27 53 179 131 43 60 18 145 243 193 239 197 122 25 42 156 109 209 8 167 158 247 17 52 82 93 191 90
224 104 107 239 32 164 185 205 83 62 60 171 102 115 197 123 115 153 181 244 109 58 231 246 111 142 90 122 124 43 87 237 233 68 253 19 219 155 182 43 16 117 7 6 154 28 172 48 239 244 53 155 62 213 242 137 28 107 158 3
6 175 94 102 235 254 90 221 72 222 225 207 51 125 157 87 75 67 213 94 121 134 50 124 159 26 246 71 80 108 217 128 26 108 242 205 151 44 60 94 183 96 151 237 65 1 208 45 217 31 50 191 101 209 217 67 149 192 37 199
46 136 168 141 241 49 87 244 182 37 69 180 158 140 195 255 207 221 255 244 237 26 156 254 11 21 134 128 244 92 246 174 197 214 56 87 254 25 67 224 3 92 137 34 120 176 244 120 146 129 87 43 171 9 183 252 55 33 30 19
148 47 136 142 164 204 33 23 243 144 0 167 193 85 67 127 137 102 234 149 74 22 119 233 5 65 174 181 121 45 193 17 12 126 87 17 213 89 80 103 57 75 245 31 254 205 204 123 49 229 99 203 232 163 116 65 143 250 32 250
251 227 205 28 111 98 110 128 211 176 153 50 106 61 66 71 49 56 45 240 105 10 167 45 67 167 1 195 36 202 22 159 10 33 124 129 59 156 216 66 181 172 177 42 90 191 239 25 17 44 221 237 185 156 224 153 209 56 121 39
175 148 88 81 217 81 167 126 173 118 247 196 141 24 97 223 11 173 139 26 193 166 56 55 187 90 215 85 106 144 83 35 147 140 94 89 218 64 183 250 91 39 232 61 40 106 134 165 93 86 61 213 124 22 15 141 152 6 87 224
90 42 134 0 159 118 59 116 94 212 85 96 224 231 101 23 70 75 28 127 59 74 105 129 182 59 68 5 58 20 86 232 202 66 62 57 207 13 208 231 25 86 182 184 92 223 102 231 76 232 191 210 74 151 160 6 3 192 145 100
255 80 208 171 38 119 236 111 125 185 11 255 42 186 183 230 18 229 186 58 183 52 72 182 178 232 213 22 2 78 93 123 108 149 241 69 221 194 45 53 201 74 141 2 55 251 56 215 187 254 12 28 118 92 131 200 152 15 69 230
97 195 55 32 188 147 141 93 59 167 10 211 222 151 39 228 106 122 149 96 94 133 58 197 119 206 254 144 113 216 70 188 72 16 242 228 48 68 142 61 142 149 108 62 190 114 88 247 204 48 85 37 176 127 128 20 152 217 60 127
99 157 116 97 56 192 14 212 88 239 227 138 52 141 62 194 133 198 133 43 150 37 28 28 112 145 27 245 163 127 187 134 220 177 3 200 196 194 216 68 88 96 33 78 145 255 81 208 140 86 243 5 165 186 122 236 124 138 146 166
28 200 33 68 182 38 219 253 157 39 82 216 57 147 178 37 192 100 74 155 63 136 93 210 250 103 229 127 239 178 65 71 98 144 82 6 109 27 94 158 65 34 55 165 62 61 244 93 168 93 3 47 42 37 188 77 94 203 145 34
81 64 84 227 54 117 249 236 231 11 220 112 21 212 47 169 63 140 129 22 201 107 101 212 20 86 91 73 47 56 6 154 148 173 23 95 203 132 64 51 141 253 152 85 54 134 230 63 200 187 158 108 226 141 223 177 198 132 148 115
23 225 113 131 218 17 22 167 112 37 64 131 237 116 229 1 172 232 94 230 236 73 57 164 95 104 223 144 123 75 93 90 198 52 240 121 82 8 155 60 162 110 164 240 95 23 106 26 136 96 126 91 141 54 84 203 169 213 45 150
58 172 162 49 209 127 148 150 240 238 119 245 178 84 114 39 227 9 206 209 182 76 248 148 127 208 37 77 207 159 185 137 251 26 5 144 107 34 167 119 63 191 26 17 231 85 46 252 189 121 45 168 146 114 38 124 126 249 76 103
41 122 16 8 173 238 247 55 167 71 12 45 28 76 26 219 96 47 79 188 253 65 158 197 129 41 163 62 33 119 59 205 204 213 185 129 219 230 193 28 183 241 134 208 75 99 148 196 121 155 40 97 192 31 192 140 74 161 137 125
142 47 0 64 206 210 100 116 149 30 240 118 57 177 43 194 210 233 67 247 222 239 222 59 153 199 89 181 182 81 246 141 168 11 139 126 247 87 175 130 241 87 23 40 39 78 194 227 172 48 84 72 39 17 182 188 181 55 210 38
42 150 222 232 109 7 135 147 167 60 69 212 27 7 21 57 215 47 251 235 183 42 227 121 73 66 94 94 109 46 76 193 33 41 235 180 72 172 194 223 145 189 42 57 185 35 50 192 185 52 221 210 2 80 29 71 220 50 22 76
11 109 11 154 96 201 90 242 175 205 56 158 139 55 50 209 90 208 39 1 222 147 82 185 125 7 135 192 57 7 195 9 131 235 70 32 215 166 85 238 32 88 37 160 28 37 162 251 178 218 209 205 56 190 201 136 29 2 107 142
117 140 139 184 82 108 3 60 113 149 1 30 212 68 232 226 121 86 75 130 120 216 196 119 72 35 146 107 114 236 181 12 121 229 163 4 195 111 46 162 230 177 74 9 209 216 235 169 235 71 211 212 137 17 156 50 114 0 102 162
69 94 218 240 89 63 167 11 194 120 55 146 88 172 128 50 173 132 80 232 113 196 105 105 6 212 167 32 97 69 254 200 32 89 209 15 67 115 109 169 171 54 159 112 82 46 153 106 164 255 246 65 29 199 119 38 210 183 219 96
161 25 89 116 101 167 202 115 52 119 180 103 201 52 91 245 48 11 136 209 42 239 113 187 222 64 199 210 24 253 124 193 94 235 192 55 99 176 48 193 227 85 208 112 180 123 245 63 131 245 215 130 158 56 202 180 224 120 53 0
222 174 12 50 68 243 65 252 108 30 37 246 103 172 39 211 154 251 113 5 81 56 247 166 183 248 219 251 9 181 83 20 3 84 118 190 250 120 203 166 173 102 168 33 157 202 65 1 69 22 228 79 60 60 149 27 21 58 242 19
254 131 44 240 64 153 128 232 152 167 13 220 90 34 151 59 224 123 43 77 108 18 64 61 23 153 246 251 81 71 47 251 146 80 160 69 120 127 31 250 225 137 63 178 115 150 181 67 232 31 121 68 38 93 156 131 121 47 163 23
206 228 1 242 253 194 64 131 186 88 44 19 141 47 143 224 242 9 139 83 247 102 238 181 198 132 222 172 206 35 41 212 5 20 224 138 164 173 74 16 10 126 252 218 191 144 197 4 104 254 243 231 4 253 120 29 39 135 4 238
243 41 102 219 166 81 203 1 146 149 37 57 216 163 252 189 200 98 168 221 189 212 132 26 227 128 11 22 219 232 104 190 82 20 45 22 179 216 162 16 184 222 126 52 173 57 206 217 141 12 248 214 247 108 231 100 68 119 17 129
247 168 24 0 159 216 140 40 229 202 194 134 68 164 244 173 85 169 227 14 161 167 168 162 10 120 173 177 209 20 221 33 185 93 22 96 5 217 50 6 179 153 219 118 56 68 12 226 232 229 113 49 249 123 5 148 193 181 90 122
129 235 197 160 160 140 174 18 237 117 192 242 71 220 211 58 67 162 25 89 1 46 145 254 239 250 88 54 53 239 125 216 226 197 160 218 93 102 185 71 60 90 165 18 17 77 88 122 17 77 64 10 108 40 6 51 33 83 112 25
189 252 25 184 63 71 117 173 102 184 105 47 197 242 192 9 210 173 229 194 9 107 5 13 118 158 145 119 150 22 249 8 46 189 249 170 245 33 139 152 147 251 43 207 24 17 116 178 149 180 42 141 193 41 85 28 245 42 133 175
253 15 136 12 33 209 105 120 3 94 71 235 142 160 179 219 60 77 88 61 222 151 71 124 160 153 132 218 140 87 31 182 201 255 35 154 204 48 19 148 53 231 67 227 123 82 25 23 244 24 76 58 193 16 230 145 206 11 193 118
147 122 171 125 180 131 68 4 149 66 233 41 200 252 238 163 242 85 237 194 167 172 48 136 214 73 162 40 235 175 247 79 8 100 188 133 132 164 162 241 205 28 103 2 79 179 205 103 226 175 205 239 110 99 181 185 213 70 231 243
73 218 114 134 105 93 117 47 76 85 71 40 93 225 143 82 44 128 66 142 73 106 16 253 198 1 32 144 221 152 149 92 208 155 219 107 151 58 84 196 158 97 106 249 243 74 17 59 255 5 219 196 35 127 3 222 61 33 251 170
203 248 197 115 20 82 190 5 107 185 241 16 97 205 250 210 43 5 173 189 211 102 85 181 236 96 93 72 98 162 73 194 81 4 208 158 107 216 53 1 153 114 227 235 101 233 126 1 148 21 228 4 237 238 154 118 0 131 97 111
32 12 254 130 228 8 242 162 118 135 242 14 229 211 47 240 1 114 175 120 44 146 40 28 217 200 224 4 208 191 2 207 58 87 101 106 127 129 153 47 25 176 132 18 253 4 187 191 24 37 101 75 128 164 71 195 64 50 71 201
184 225 248 140 29 65 193 251 178 92 172 12 86 247 92 37 199 159 186 15 174 123 113 21 55 67 80 21 62 2 92 13 45 117 158 206 199 72 231 159 50 38 147 131 165 82 0 120 212 215 88 48 226 175 243 79 98 22 95 82
154 220 101 190 124 160 41 116 172 172 100 159 66 62 245 68 191 33 177 95 157 181 128 107 63 201 177 152 212 5 198 196 102 176 112 43 234 209 96 120 5 7 46 155 25 56 23 86 43 85 24 117 179 157 74 30 129 48 7 185
104 191 14 128 160 194 198 86 59 201 234 185 26 215 245 80 219 4 178 142 240 216 243 66 213 234 72 36 215 76 253 115 113 96 151 3 197 18 194 129 206 160 120 41 35 22 135 58 172 142 199 188 151 27 117 229 235 64 218 122
116 39 195 32 38 236 32 145 92 155 221 126 238 30 113 74 254 246 236 75 197 158 114 194 221 161 73 161 180 53 206 246 222 249 235 217 23 171 126 115 157 22 34 200 113 179 35 177 216 195 123 203 190 21 32 138 99 84 227 240
135 91 51 240 167 230 99 192 227 114 129 244 247 61 67 182 108 169 109 218 38 100 232 68 231 208 191 129 66 154 230 137 133 197 241 171 122 9 110 57 154 165 177 253 177 67 123 25 69 91 140 113 82 30 78 72 183 133 168 158
36 199 12 74 150 215 68 109 97 138 49 173 131 160 125 130 60 143 31 37 58 13 254 113 10 237 241 166 254 80 153 212 0 162 135 98 19 251 131 167 117 147 252 33 134 38 207 164 25 137 146 248 38 232 191 50 95 207 99 97
49 119 38 230 11 139 42 167 206 232 209 100 170 199 65 117 155 173 154 20 88 1 89 85 244 191 89 161 242 46 116 28 132 95 130 144 32 240 40 242 86 43 139 89 79 229 199 38 244 119 36 17 251 79 175 162 149 218 228 199
62 135 219 153 187 0 125 123 125 242 15 43 53 200 197 13 106 135 121 210 159 79 212 122 242 202 131 64 155 106 31 5 4 174 200 121 195 247 192 5 154 62 106 213 51 192 206 166 180 228 167 227 2 145 122 152 81 198 219 35
214 92 6 67 74 234 136 138 234 95 245 68 51 41 198 217 176 77 235 21 229 190 36 0 173 84 166 2 243 56 205 25 149 163 239 158 107 78 197 212 65 238 250 143 177 144 99 107 7 198 160 66 45 95 163 152 60 255 60 201
4 2 70 87 167 46 35 98 232 169 200 59 179 101 106 190 63 25 191 180 102 186 134 136 253 118 124 20 129 113 64 106 204 232 235 25 91 41 112 147 193 45 115 239 152 111 199 233 106 115 182 153 57 75 68 253 94 249 207 200
8 242 131 167 63 243 143 247 192 87 60 103 59 175 243 234 92 44 100 93 198 66 212 253 188 203 176 137 31 22 189 69 123 176 66 247 155 171 96 192 242 190 251 172 62 193 38 166 172 51 222 189 150 76 147 119 51 114 56 60
158 104 233 50 96 137 182 244 248 140 63 44 151 167 26 210 76 32 12 123 36 65 160 1 10 147 47 137 112 215 91 24 114 59 79 188 213 172 76 85 43 11 229 207 128 24 156 147 187 147 185 249 254 211 22 235 148 223 35 108
144 247 62 115 227 37 122 235 241 213 95 174 136 224 74 166 187 113 201 31 195 20 71 103 190 188 165 94 161 142 158 204 45 152 47 234 193 193 186 153 86 29 57 158 216 25 104 7 136 90 251 116 32 80 35 65 166 174 107 61
158 183 15 69 220 156 222 105 180 1 94 152 150 217 231 31 143 8 200 190 67 172 19 19 38 83 96 170 104 53 106 180 21 207 137 163 243 184 56 32 105 107 55 208 158 75 104 140 219 18 157 101 29 174 93 43 171 160 121 147
93 190 101 76 153 196 31 155 162 136 94 36 201 114 253 174 198 37 43 59 200 5 30 22 5 55 64 144 214 48 197 97 203 122 61 142 161 217 17 133 168 90 160 190 148 186 5 104 66 44 139 75 184 217 57 46 45 64 111 63
22 121 105 176 19 186 126 66 79 54 236 80 232 241 10 19 157 235 24 225 98 54 189 113 200 181 99 244 70 117 184 95 43 205 247 181 209 166 68 15 140 145 30 19 57 203 166 128 151 73 10 62 33 2 82 200 11 184 168 244
115 231 74 128 32 50 88 107 146 147 31 74 20 241 17 44 27 132 128 108 143 167 74 172 60 52 230 86 209 244 38 110 41 134 17 45 50 186 25 192 3 8 190 158 160 134 34 2 160 64 255 161 230 178 136 135 239 49 195 48
44 101 11 106 12 8 230 93 161 176 231 219 116 161 241 231 125 215 156 191 253 29 120 188 132 230 90 96 2 121 153 31 184 134 110 153 30 6 193 71 35 174 221 111 26 254 27 148 230 219 233 17 208 50 132 180 84 16 171 36
