223
195
61
39
125
181
150
143
23
180
249
127
225
78
239
16
225
84
121
236
249
239
26
204
221
43
104
144
2
113
197
56
218
135
241
166
67
0
136
42
157
63
105
51
82
80
232
237
175
248
174
188
225
113
224
127
101
95
148
1
53
179
71
123
17
173
241
88
156
11
59
188
64
29
47
11
187
76
172
250
57
150
43
7
91
226
109
181
254
251
220
212
224
228
119
139
149
134
201
119
8
244
196
114
58
23
83
107
248
174
189
116
208
141
118
35
93
109
253
153
232
87
148
182
128
248
21
54
69
251
219
237
180
86
88
23
88
28
125
197
50
31
201
225
243
121
241
108
16
129
