18 129 153 152 185 229 27 38 29 96 83 230 82 193 102 30 86 54 32 173 209 198 182 97 203 7 192 221 243 208 19 142 228 150 99 153 231 82 242 13 158 26 136 35 3 143 105 95 134 38 31 4 107 111 148 122 39 43 6 210 21 130 231 205 189 54 226 228 157 107 5 137 59 176 127
189 143 182 70 193 209 97 89 92 86 215 8 97 86 142 17 130 159 71 224 96 107 204 72 118 210 185 40 143 17 105 123 105 139 229 84 144 101 142 29 254 50 235 120 160 33 52 250 145 186 52 106 219 143 170 7 243 65 98 154 13 248 159 186 182 205 163 242 18 254 156 249 89 114 44
92 196 32 147 226 6 253 1 177 196 97 42 119 89 235 78 129 81 178 142 95 59 251 15 161 67 192 215 16 170 137 123 51 142 99 25 55 137 221 65 224 91 241 183 214 16 108 179 227 251 184 91 18 78 65 192 132 92 77 152 44 131 205 177 133 175 172 12 147 239 145 77 200 113 11
87 53 4 141 146 238 238 232 28 214 143 0 178 182 239 91 99 248 126 43 103 198 46 161 122 226 149 38 245 250 213 231 232 0 241 181 168 159 193 206 38 207 117 40 189 127 14 250 205 205 113 106 215 143 31 17 240 237 238 240 233 21 117 32 72 48 108 140 146 84 73 135 142 55 55
223 60 228 204 0 158 229 226 121 117 186 23 56 206 69 27 139 245 95 95 34 223 214 82 78 220 117 124 33 35 254 146 159 155 246 28 56 239 165 231 61 36 76 177 127 160 29 53 87 21 250 164 200 214 62 17 154 193 188 145 127 153 172 249 8 147 156 88 189 232 226 133 191 253 34
81 155 209 11 191 102 47 6 241 50 224 204 230 116 201 89 180 9 194 216 144 25 26 139 236 36 248 175 222 215 83 175 64 106 254 34 162 142 20 130 103 131 169 50 68 221 103 198 81 100 209 163 120 171 127 178 95 12 222 70 56 76 242 8 229 13 165 81 54 26 69 196 240 209 235
92 145 255 174 31 246 59 125 2 61 47 61 194 54 29 93 114 29 246 35 108 178 39 134 172 44 41 142 227 164 190 140 224 67 143 199 183 212 26 92 207 4 188 228 196 44 242 74 72 87 238 203 208 247 210 12 36 157 172 155 237 116 229 188 136 229 125 67 253 63 24 234 129 129 122
83 171 186 30 73 130 217 60 122 189 165 13 91 173 210 82 248 200 124 248 155 94 8 175 68 198 131 220 247 150 79 62 155 155 209 248 145 223 164 250 227 204 15 26 100 194 232 251 245 9 236 175 202 61 24 111 185 217 121 199 5 69 8 166 48 35 203 142 235 242 195 120 8 3 230
132 213 35 245 212 54 201 135 121 187 82 46 106 212 42 92 207 227 122 113 210 115 124 202 231 117 215 50 1 8 253 147 53 114 203 174 10 152 147 178 171 168 104 98 236 147 109 10 12 47 230 79 78 80 224 208 74 178 150 132 216 151 48 107 9 76 177 154 54 200 48 243 205 167 225
147 84 139 60 109 245 70 101 72 237 58 252 131 180 46 59 46 132 236 219 27 69 143 206 228 19 68 54 42 189 75 121 227 41 55 132 222 179 124 224 173 123 195 133 243 185 126 44 242 132 189 176 207 98 200 117 244 182 96 196 209 185 38 196 177 154 170 160 205 62 217 47 248 178 126
203 198 142 21 20 93 99 120 197 95 129 186 157 221 224 246 52 183 110 254 213 150 189 205 211 30 163 24 116 22 223 66 106 157 188 143 254 37 74 101 152 105 105 5 144 70 44 33 29 163 122 213 77 29 184 171 149 186 149 119 186 195 72 18 52 85 128 192 28 214 99 104 175 94 47
71 49 216 181 35 68 202 11 49 42 190 141 170 67 34 42 43 87 212 71 139 88 57 122 12 1 104 65 77 209 200 207 181 242 201 76 117 235 166 223 27 55 156 93 55 174 70 204 90 242 205 88 28 151 125 168 163 160 188 24 41 39 108 195 60 148 108 47 213 192 161 140 185 136 138
131 115 100 165 168 46 244 210 38 47 27 198 246 160 83 94 158 177 68 67 192 122 153 133 134 237 112 164 60 171 122 167 178 135 0 51 198 229 47 98 15 181 71 130 73 134 238 158 103 59 176 133 204 94 96 1 167 148 65 200 83 175 234 36 161 153 172 17 249 154 177 193 111 211 93
181 116 206 166 147 194 90 220 244 18 71 54 48 94 105 247 130 58 79 160 105 123 117 142 46 4 119 43 99 53 6 124 14 85 216 195 45 48 245 176 121 41 33 69 11 2 217 229 93 18 247 236 118 181 222 229 52 195 20 80 96 239 91 188 200 216 9 128 105 24 175 161 65 95 118
235 173 39 42 10 106 131 45 56 185 223 166 227 115 154 64 183 130 155 77 200 192 249 255 226 172 228 46 203 62 3 168 216 145 109 252 89 217 225 224 78 130 198 148 242 232 125 95 73 34 147 236 56 166 68 15 221 215 68 137 157 115 169 60 57 153 77 79 50 57 224 25 190 252 22
73 12 235 228 168 62 130 34 216 29 220 166 150 74 115 10 147 63 188 96 201 164 77 241 133 87 158 222 34 197 104 106 92 163 30 131 8 37 71 225 219 233 188 9 161 101 157 100 118 87 252 21 125 182 195 3 154 173 217 38 240 40 191 8 120 181 133 229 252 203 105 215 198 75 193
13 104 98 253 2 138 32 76 202 70 67 247 211 12 87 35 199 81 251 216 251 190 134 33 223 120 72 181 245 153 97 208 130 209 250 172 0 163 24 100 70 235 18 70 152 54 109 149 192 84 88 247 230 54 34 21 155 62 163 42 165 57 100 114 97 253 12 142 44 65 72 77 82 115 103
216 83 204 232 121 145 140 81 11 177 111 206 61 24 74 211 172 173 225 211 159 179 164 44 85 32 145 96 135 209 7 197 133 247 122 197 39 227 253 149 155 46 249 198 203 83 119 24 53 218 58 115 102 97 132 189 183 205 241 105 179 97 42 107 189 7 103 114 140 221 8 189 192 253 247
26 248 226 19 146 103 213 232 79 22 255 66 32 58 22 21 207 76 188 49 219 95 232 182 44 177 58 119 105 35 130 220 123 126 170 2 251 182 65 192 139 47 77 128 117 204 119 39 56 250 82 171 175 250 234 196 171 57 44 245 72 239 237 67 44 249 117 65 217 27 134 29 114 109 126
171 71 25 106 146 141 194 63 212 57 135 48 203 146 65 241 137 198 19 80 124 247 247 88 133 224 152 76 29 167 112 121 229 27 161 54 40 47 106 62 196 53 84 31 189 36 142 186 90 109 93 67 29 122 110 193 36 128 237 209 84 6 174 116 154 242 115 51 115 54 12 177 223 181 125
20 17 155 28 78 92 252 141 101 164 58 252 219 170 58 76 17 69 109 87 2 59 5 128 248 224 119 42 229 46 229 46 146 103 193 44 4 71 219 11 250 60 61 217 66 34 30 244 155 75 95 244 130 195 175 174 32 218 91 239 228 116 156 193 57 221 198 60 145 87 184 12 180 201 96
193 77 34 67 108 165 105 109 241 189 72 107 148 27 174 126 209 47 41 99 132 16 124 4 139 76 14 230 226 79 164 83 237 4 191 124 89 248 59 65 155 186 247 249 23 226 223 218 198 140 208 21 22 94 25 153 69 244 95 8 234 113 170 100 205 71 21 149 225 71 145 241 93 13 34
244 65 29 224 47 179 55 99 194 128 52 197 10 132 166 154 177 217 170 75 199 253 206 26 222 172 132 7 251 154 112 42 23 187 52 99 81 165 184 12 68 91 153 185 217 119 60 48 84 172 79 157 186 161 129 66 198 201 163 154 5 50 175 194 154 142 234 151 109 129 218 67 238 230 130
248 197 67 138 108 112 159 232 19 47 92 223 83 166 126 183 253 102 223 7 238 153 111 14 229 8 56 200 177 66 68 89 251 212 238 138 68 10 247 1 99 111 77 53 84 76 14 126 127 169 225 154 247 246 131 25 83 81 99 126 212 213 78 219 196 204 239 123 187 98 204 110 128 196 7
239 212 134 231 104 153 68 240 172 189 68 52 77 57 42 214 180 27 244 195 168 12 31 124 47 152 189 61 7 239 121 159 73 72 254 26 157 200 112 54 195 15 64 81 67 135 89 192 114 180 21 222 143 20 13 192 144 92 196 43 214 238 66 127 96 243 241 50 191 42 45 199 66 172 135
9 177 200 153 192 232 114 226 210 10 20 253 29 50 98 243 200 247 45 94 75 246 123 224 10 164 36 99 18 18 205 62 214 123 96 35 51 77 37 94 82 141 162 68 229 57 91 34 99 36 232 227 149 9 147 151 243 139 233 101 77 173 247 193 108 76 83 239 157 194 133 192 238 158 123
217 144 242 133 218 184 98 240 109 36 149 243 68 254 181 211 8 146 128 155 81 62 95 91 158 227 19 51 254 230 185 250 104 15 235 109 169 8 91 226 58 141 129 57 117 217 7 246 230 127 240 107 178 227 249 30 91 18 29 66 119 135 70 116 228 70 240 159 182 163 70 96 126 85 32
154 122 131 115 214 212 244 167 208 91 6 243 21 102 46 230 76 32 134 191 41 221 33 179 66 127 226 227 52 81 37 69 16 207 21 76 26 175 40 181 123 116 152 170 5 178 130 18 67 40 108 109 16 38 1 79 139 28 139 63 183 252 53 253 161 28 201 159 115 212 172 26 165 218 5
135 184 80 217 5 131 46 204 118 242 151 101 12 142 32 141 178 49 175 188 152 20 154 220 245 123 228 173 155 133 42 181 43 52 90 167 24 36 211 177 90 36 196 153 139 225 45 254 65 204 251 101 231 173 194 35 114 0 210 1 189 88 104 63 65 62 224 91 129 51 205 56 193 29 168
235 222 191 82 223 76 63 232 164 114 61 112 151 153 153 148 178 30 51 250 253 238 189 1 250 221 237 114 4 3 145 255 179 193 37 150 221 113 222 70 175 91 198 44 183 1 224 26 166 239 87 3 156 51 252 26 249 170 120 113 188 128 109 201 215 251 226 216 138 80 144 96 116 205 114
242 87 222 156 61 154 25 124 112 107 165 146 129 202 78 143 4 236 94 92 188 117 107 94 151 186 205 209 159 143 185 216 177 39 168 54 147 202 96 14 129 4 89 248 47 217 215 108 158 73 97 114 19 218 69 91 64 209 221 203 212 210 118 103 200 34 120 208 224 117 216 9 31 179 190
14 224 178 242 184 231 111 216 196 58 141 217 45 49 50 30 94 133 226 190 133 52 122 143 19 24 172 199 240 93 76 205 100 48 244 155 242 233 186 97 39 204 189 152 238 103 96 35 81 149 62 65 132 41 152 210 26 76 204 236 68 253 170 133 252 136 51 18 87 239 205 60 190 145 225
135 216 224 168 122 206 35 191 224 235 211 10 39 191 57 138 185 214 178 252 141 162 140 238 179 7 224 189 105 49 109 33 1 154 29 222 247 68 69 156 101 221 105 162 160 45 233 12 225 62 116 229 59 200 148 42 240 112 82 202 49 5 60 162 123 29 140 250 244 243 142 48 75 121 244
240 152 97 235 193 201 1 60 228 179 174 247 180 24 126 132 237 184 33 120 31 127 136 147 138 203 173 102 186 167 85 181 3 55 146 107 155 170 40 108 2 98 92 132 207 75 202 8 223 100 8 24 11 35 101 113 254 109 1 187 99 81 148 183 55 125 245 22 249 142 177 223 226 134 220
241 150 228 96 149 40 166 73 217 248 109 198 61 50 181 15 226 219 88 172 88 70 224 4 142 52 103 213 61 40 240 152 192 147 236 247 77 150 83 130 209 35 66 155 159 110 109 176 65 159 38 63 171 47 139 78 176 152 108 31 208 92 55 140 160 150 124 84 24 72 241 223 100 238 187
244 22 115 50 14 148 234 238 192 145 190 230 86 254 214 179 78 97 141 88 118 210 78 248 197 65 117 228 239 229 247 174 140 91 7 208 4 40 109 203 68 182 201 23 135 93 171 214 219 66 251 210 22 31 229 195 146 50 140 57 102 100 184 82 170 133 96 69 124 203 176 245 253 112 157
76 14 7 209 1 45 153 105 163 79 243 85 53 206 63 47 40 118 153 47 50 0 135 43 15 160 50 239 137 215 181 253 99 18 48 79 168 48 208 154 33 15 34 95 211 218 244 220 23 3 3 141 133 148 4 174 236 94 81 145 246 247 82 116 173 41 236 55 211 134 76 204 187 33 92
122 88 6 136 69 25 214 61 147 84 216 196 111 27 147 160 226 29 55 72 164 211 89 170 100 182 230 84 18 84 249 7 230 169 178 187 124 29 116 61 230 60 145 245 54 202 48 169 225 90 179 248 223 147 87 109 116 163 100 222 170 251 142 82 176 253 16 153 161 190 222 60 39 132 75
25 57 49 102 83 197 252 91 44 77 121 79 90 4 106 166 146 192 114 172 109 9 82 57 249 255 5 171 23 92 123 183 246 156 34 128 239 205 253 10 94 71 27 169 204 207 108 74 235 0 220 152 187 129 107 62 155 12 159 157 249 0 217 232 61 104 240 18 238 6 15 109 50 156 124
143 181 200 237 142 141 138 98 98 119 90 9 141 206 218 7 55 0 137 190 229 5 44 216 252 6 63 151 183 116 24 105 188 82 1 28 232 126 200 236 188 86 153 234 126 64 53 0 77 78 245 184 7 144 177 139 35 188 123 137 69 2 182 252 118 151 181 129 43 119 90 29 97 244 211
244 91 56 109 175 77 132 48 33 38 94 54 15 12 229 58 178 212 148 11 145 90 31 205 194 86 248 124 57 246 179 201 199 225 92 223 81 60 58 173 184 197 172 191 141 231 242 208 31 93 229 32 231 231 63 173 52 189 229 108 89 130 71 187 223 212 158 89 154 233 24 76 236 120 211
159 121 60 97 38 185 149 57 224 25 102 95 41 203 177 110 56 12 180 221 194 103 221 84 39 86 144 254 62 22 76 98 29 28 71 153 162 203 188 120 158 255 2 223 90 54 102 179 75 191 22 51 55 90 2 209 60 250 47 223 129 53 243 52 57 13 239 153 11 72 216 200 178 113 179
159 169 218 222 58 85 34 116 36 47 201 52 0 62 82 92 145 5 24 229 73 55 199 240 183 29 151 166 188 102 187 30 19 237 149 233 159 34 72 230 222 231 145 186 78 188 66 11 182 123 217 193 227 97 199 245 214 44 158 141 130 75 91 32 122 72 135 210 188 69 92 66 161 116 29
50 64 157 238 110 189 139 125 185 42 84 220 100 230 85 4 201 167 8 214 123 126 101 202 31 47 147 13 186 12 6 84 235 66 15 144 190 164 130 225 2 68 122 164 34 173 2 139 109 5 133 203 68 136 150 160 3 136 67 207 213 8 38 104 84 111 207 249 147 109 38 40 14 234 25
100 35 186 46 241 247 51 30 1 186 232 183 93 200 38 133 110 48 31 230 65 246 95 168 25 57 220 240 197 254 44 49 225 36 75 205 171 54 102 232 7 83 34 72 236 132 144 9 52 213 102 177 243 79 213 0 224 254 117 233 110 155 95 102 141 230 195 67 215 160 166 203 75 74 226
45 216 149 74 5 113 187 243 127 247 58 58 255 235 154 241 25 136 104 0 142 161 148 82 73 63 252 180 121 49 17 17 238 132 47 101 6 42 105 167 204 36 221 152 167 186 208 70 191 49 52 161 109 57 83 59 163 108 115 141 240 140 74 197 214 65 148 133 62 77 242 123 36 228 87
86 65 243 83 26 84 225 202 27 138 163 135 114 173 130 204 171 50 76 192 242 3 158 99 199 6 134 143 247 134 222 140 148 250 75 79 245 200 235 234 41 30 128 23 34 71 111 33 246 34 68 62 249 57 68 242 152 29 234 223 228 179 210 87 94 208 37 190 63 214 213 216 93 191 129
232 8 252 92 28 216 183 141 107 128 131 214 226 216 159 225 57 5 52 42 234 27 16 136 95 199 43 48 104 222 63 251 17 165 177 146 157 239 152 167 147 14 139 139 99 245 26 231 113 181 230 104 239 151 67 143 0 92 138 14 103 60 175 223 108 142 142 7 154 13 61 56 213 227 205
235 48 209 67 210 25 14 47 229 198 58 201 120 251 131 222 201 151 151 208 223 157 71 67 166 188 100 121 108 186 65 54 254 72 17 31 92 72 45 18 93 127 65 81 148 188 12 231 98 165 233 230 61 9 21 179 48 21 148 244 233 158 191 129 208 73 79 199 147 117 70 47 191 17 158
54 243 60 16 201 202 207 155 110 118 156 178 0 189 60 148 94 125 54 192 49 179 156 174 133 215 102 238 12 43 130 149 113 47 107 249 187 39 149 212 199 84 95 111 138 231 216 249 45 102 103 229 61 46 254 5 223 205 27 103 86 1 120 50 136 246 147 118 236 186 199 195 197 48 69
155 84 183 67 90 43 36 78 13 218 229 89 101 249 125 124 143 58 254 2 54 121 216 169 88 191 196 132 19 58 9 170 5 169 125 201 215 40 218 157 226 153 148 218 249 188 146 104 23 67 174 56 245 12 55 187 242 81 88 158 209 208 149 218 191 102 106 105 128 91 96 23 46 163 130
169 197 102 5 229 146 86 218 40 182 67 215 149 126 179 185 137 180 200 128 40 243 90 47 11 130 25 252 37 10 231 32 171 248 3 35 13 165 226 69 3 255 119 229 243 133 184 213 218 24 223 46 112 209 111 173 101 68 95 172 49 199 251 134 57 188 203 235 131 174 78 249 127 106 180
5 112 41 121 204 244 192 161 4 89 16 212 210 84 52 205 254 216 134 195 84 58 0 201 102 150 224 167 79 246 21 95 176 205 83 215 232 222 37 237 61 126 224 53 192 180 73 184 150 54 167 17 216 218 201 124 238 69 220 74 21 255 28 25 49 174 117 183 123 55 44 88 224 63 3
161 79 61 189 127 70 190 63 233 221 252 213 170 14 239 16 109 244 74 184 55 116 29 44 8 200 139 165 220 90 4 155 252 103 187 76 177 207 51 7 138 103 91 50 0 228 58 24 115 153 115 27 77 138 150 242 212 52 23 238 200 37 162 66 103 152 172 99 195 46 182 107 73 51 145
229 128 49 208 199 184 194 103 75 156 65 1 164 69 156 144 108 220 139 99 153 103 219 138 55 60 83 21 182 176 166 52 179 247 216 246 109 162 99 182 228 14 21 89 82 230 226 72 7 204 114 15 10 250 114 4 194 233 192 56 209 78 38 62 231 220 113 51 207 50 0 44 134 245 108
157 241 204 232 80 187 81 218 38 32 63 131 28 48 52 68 119 5 206 232 177 70 116 60 193 254 104 110 191 93 218 172 93 81 120 247 159 70 86 243 62 41 234 79 7 6 164 50 208 204 190 18 246 168 241 83 73 131 60 185 173 249 0 228 113 239 30 131 150 221 201 59 82 154 251
64 72 220 116 62 222 176 160 193 54 152 212 58 185 69 117 159 55 63 193 223 177 6 20 35 93 243 241 155 220 91 63 136 38 242 221 176 197 77 200 242 201 144 13 34 75 237 252 94 72 89 208 250 254 98 134 232 140 126 191 32 226 35 186 60 168 80 48 232 122 212 7 189 4 146
6 211 145 68 6 92 192 34 172 165 17 64 127 5 150 69 71 56 60 110 62 162 106 155 19 234 78 122 166 227 23 21 147 132 192 39 174 236 187 99 134 118 51 29 128 231 187 38 28 157 164 44 162 66 204 158 7 190 160 169 32 81 183 253 80 34 202 223 147 51 127 98 75 84 34
166 80 107 234 103 13 249 241 30 222 46 195 172 172 62 218 134 200 52 224 83 80 162 134 145 115 242 91 32 109 160 211 128 234 11 2 128 173 21 48 254 62 25 23 125 116 67 225 33 145 254 170 152 167 90 36 11 210 246 192 146 97 101 21 132 234 40 156 29 168 130 251 244 184 66
158 204 43 17 127 189 208 55 16 118 150 147 85 140 107 199 203 5 228 146 204 178 24 150 137 95 112 24 220 32 16 166 136 160 191 32 152 9 59 175 186 169 100 64 20 188 38 189 154 25 20 14 33 115 227 198 67 145 183 165 17 181 84 187 245 209 183 30 219 191 248 38 75 249 235
90 164 195 174 57 84 127 76 228 77 123 58 170 245 31 113 119 48 28 214 228 200 17 56 122 207 65 51 80 39 174 165 36 111 198 219 38 133 28 80 29 165 119 70 220 243 77 163 96 189 24 250 3 25 216 42 39 160 161 158 13 87 5 95 250 61 53 20 18 78 46 29 89 165 171
75 24 172 193 20 59 209 213 115 166 50 255 214 138 12 95 219 204 19 121 84 99 159 224 93 191 141 247 101 35 245 104 205 139 220 72 79 11 157 19 110 229 157 49 253 185 105 150 52 128 160 54 182 123 166 205 126 161 228 206 243 2 247 7 72 23 252 109 26 228 179 207 254 18 14
236 22 226 45 138 11 114 62 0 198 97 142 9 251 140 13 143 64 83 6 209 224 48 157 130 225 25 56 59 235 234 235 43 58 100 6 208 192 225 227 33 50 0 82 2 62 164 23 112 184 195 0 244 32 165 175 207 154 91 5 9 237 84 150 38 237 81 35 205 151 238 233 149 29 89
15 252 186 111 0 47 89 74 138 92 96 54 54 90 242 112 1 131 33 41 241 69 91 40 141 198 163 3 109 209 131 8 178 54 201 7 181 134 91 78 104 54 155 102 247 18 155 93 78 192 56 34 31 97 10 10 80 29 203 196 134 72 8 67 158 33 185 252 217 183 216 234 51 59 48
63 209 156 64 197 173 164 182 91 31 99 170 90 101 73 40 241 206 137 243 142 241 220 103 168 103 81 102 87 195 4 67 26 3 11 0 225 2 3 76 85 40 161 239 253 119 59 210 3 162 221 132 12 153 248 71 228 48 92 85 146 102 80 1 22 236 28 66 133 146 3 195 220 37 32
67 67 114 92 60 245 123 150 176 82 230 27 75 150 93 234 245 99 32 168 231 55 141 177 132 159 141 195 92 151 66 208 79 6 42 220 73 217 133 255 162 241 191 111 73 63 200 101 9 89 108 174 242 199 38 5 159 151 104 183 19 88 7 102 218 24 200 156 184 1 8 186 89 146 251
78 78 69 135 216 107 174 120 212 58 116 27 188 157 145 172 69 77 59 64 8 126 49 106 1 241 59 112 251 174 109 52 20 241 4 79 116 11 50 184 131 122 60 234 147 159 162 94 84 103 255 95 7 136 190 91 124 150 118 55 7 165 53 16 223 77 189 4 204 180 47 146 119 209 48
19 70 25 209 217 146 143 187 24 59 43 18 194 163 94 79 132 104 21 83 148 202 227 34 96 141 204 168 192 12 134 132 212 83 159 165 114 117 140 204 79 233 206 210 245 189 244 59 56 108 205 88 170 91 15 197 175 165 27 56 27 185 247 190 162 23 119 176 183 72 172 6 44 188 240
225 231 89 54 57 31 80 209 15 126 8 124 214 82 159 202 202 217 105 157 197 9 123 232 10 72 229 60 99 41 15 174 59 212 94 105 0 229 51 43 18 173 193 31 25 63 157 7 10 165 183 234 129 198 121 46 181 35 129 216 193 163 84 90 118 93 138 255 95 47 174 66 17 34 168
206 77 154 241 49 58 117 83 199 164 214 31 0 75 73 190 14 220 159 183 176 211 85 151 149 49 3 145 177 27 139 129 12 180 81 177 75 163 165 37 162 102 224 154 2 243 35 69 115 130 178 235 169 242 56 117 241 247 31 33 205 152 93 101 250 136 212 123 140 236 89 90 99 140 113
252 84 29 159 96 128 137 183 249 6 100 128 26 55 140 62 223 120 229 124 60 129 124 30 197 236 179 152 71 226 186 74 244 182 190 96 121 100 115 92 226 158 97 227 229 164 11 136 88 64 182 134 228 56 50 238 201 12 54 241 176 36 13 169 5 195 254 123 100 166 247 49 244 231 61
39 123 199 254 155 64 200 227 219 214 131 191 130 48 247 73 46 226 138 138 255 7 146 89 86 108 141 244 207 39 198 147 17 18 161 165 68 48 111 154 231 249 198 157 123 31 154 71 3 11 16 28 139 110 134 53 240 172 130 203 232 98 77 59 246 10 139 103 20 3 4 146 100 80 59
37 61 72 142 235 190 137 60 152 186 27 188 186 45 56 128 209 132 67 84 153 166 179 159 43 242 81 40 70 182 79 86 246 201 24 192 147 105 216 133 184 134 78 22 212 217 99 183 88 229 10 28 8 28 44 86 174 38 146 57 30 237 23 193 143 119 72 232 88 74 229 135 144 99 152
65 12 38 236 72 199 116 179 108 173 227 1 164 204 136 196 128 89 140 162 87 75 139 77 234 172 192 55 50 89 18 77 210 225 159 225 102 113 175 123 55 47 122 225 13 15 162 137 96 45 19 95 144 216 156 187 85 133 141 219 185 221 38 208 126 94 86 238 135 106 208 26 74 10 123
255 140 198 2 9 165 193 126 183 124 155 197 125 23 237 81 122 9 59 234 72 9 90 104 134 246 46 124 33 116 123 212 243 61 29 185 54 149 232 119 197 167 111 28 85 186 39 231 219 181 7 225 225 111 234 217 0 88 205 228 109 22 149 34 205 208 116 131 107 253 47 210 59 87 242
89 72 115 95 193 165 160 252 17 189 100 155 116 122 106 50 197 16 58 76 9 89 63 110 253 64 226 196 188 18 232 75 94 147 183 245 37 4 184 233 87 3 240 21 40 28 251 202 120 187 65 69 51 156 73 92 185 56 63 95 20 226 102 244 10 240 164 148 98 179 208 63 68 110 85
110 170 93 15 199 25 140 108 168 89 45 68 181 117 10 144 131 245 77 68 149 217 157 176 106 198 171 27 22 190 136 76 52 233 233 135 105 23 236 34 28 81 10 4 221 21 22 117 121 57 140 167 177 135 32 40 24 138 255 30 198 5 190 175 223 219 78 212 133 157 176 45 205 189 203
238 185 140 194 216 196 83 153 136 250 27 44 54 24 158 255 58 214 130 124 236 141 53 229 131 2 177 19 172 116 214 241 247 43 85 6 77 224 241 82 59 95 152 240 196 97 117 228 47 172 215 73 96 59 106 248 121 32 140 22 198 16 65 225 23 139 145 203 231 80 241 231 158 63 126
39 59 89 223 196 60 207 58 3 160 66 104 3 63 3 247 198 126 44 122 109 195 157 45 201 0 87 206 240 8 90 216 134 6 119 49 165 36 49 252 19 250 66 238 158 225 49 12 127 116 138 111 62 131 199 252 218 108 161 34 111 52 172 247 106 167 148 154 97 43 111 173 34 17 123
249 192 77 127 176 58 147 112 68 51 122 65 244 229 167 107 172 20 204 16 165 11 156 237 47 254 78 123 110 0 120 86 103 159 84 137 72 149 159 212 90 146 114 178 123 13 0 255 190 184 197 31 228 145 13 60 11 68 169 50 78 146 119 11 190 44 41 68 117 225 218 193 240 2 100
70 59 231 185 0 90 171 197 67 76 125 206 212 171 194 34 184 221 165 5 225 156 1 21 111 135 229 39 195 233 252 241 6 191 96 82 232 156 206 139 178 124 52 138 219 35 253 158 210 232 28 22 34 204 175 113 109 28 93 116 75 218 142 121 60 219 162 11 167 70 5 203 242 123 198
173 138 20 43 214 196 189 176 213 234 170 194 45 34 18 53 180 41 13 177 172 99 249 219 216 156 195 166 165 157 133 124 40 66 104 63 68 146 102 219 11 107 69 93 251 131 126 77 172 7 234 26 10 20 6 205 43 74 232 211 188 76 111 167 133 37 112 162 132 82 185 155 247 241 242
167 168 19 184 52 227 29 106 119 182 24 195 189 15 173 31 215 245 108 52 34 69 166 107 94 38 39 50 128 95 141 2 176 17 202 170 55 46 36 142 163 28 188 179 4 35 44 105 194 10 236 249 29 112 197 193 140 36 233 196 85 81 170 52 112 230 103 32 185 120 224 240 120 18 61
78 127 108 54 144 211 104 225 79 159 35 150 67 11 11 126 118 19 15 231 119 185 116 197 154 126 228 77 138 66 178 216 29 211 62 43 109 216 47 180 186 71 221 162 139 49 129 23 11 212 161 68 196 93 6 159 206 178 56 34 152 33 206 9 39 237 22 199 82 220 18 99 159 152 163
240 171 92 196 39 83 180 166 92 77 90 216 216 207 34 110 117 116 237 188 128 33 6 63 161 186 239 196 223 146 247 164 131 18 177 165 54 210 233 136 210 44 185 171 101 218 126 220 147 127 42 187 109 126 27 107 17 109 1 230 148 207 175 205 104 227 62 113 107 226 126 66 16 157 64
174 23 248 192 244 253 162 113 125 242 130 38 249 117 235 175 205 13 162 144 100 192 43 160 146 113 90 63 77 107 227 222 145 252 47 240 193 186 33 40 220 31 74 204 21 125 180 71 18 23 1 246 96 152 238 218 222 226 134 144 211 20 4 158 69 14 140 224 38 139 16 30 54 84 209
2 71 88 219 225 4 20 107 114 183 51 130 14 16 46 218 159 216 92 215 116 27 134 168 192 210 63 12 39 81 219 8 84 234 166 200 85 79 189 45 26 58 183 129 96 238 57 215 4 226 33 188 110 208 83 161 230 203 8 251 122 152 190 7 7 227 85 76 231 38 250 122 237 221 255
135 205 133 67 120 186 56 228 162 151 199 159 242 233 153 121 34 42 154 201 37 14 103 51 16 249 51 151 242 196 155 44 179 153 180 25 251 219 185 106 255 55 54 96 219 69 212 199 159 126 55 195 12 214 15 193 124 255 98 92 249 72 18 71 242 19 191 198 194 40 25 75 200 10 254
188 45 99 55 40 83 236 177 136 159 106 154 170 98 149 131 41 49 97 204 18 80 173 52 152 243 38 248 216 101 198 32 152 155 255 84 54 16 176 141 46 18 230 57 195 38 199 76 235 134 179 202 203 213 19 25 101 154 218 35 17 198 177 230 239 135 65 52 162 197 245 205 21 68 31
95 204 236 159 150 201 59 20 67 79 233 179 110 109 255 76 52 20 30 108 20 186 117 201 148 143 114 127 193 186 194 245 44 7 203 212 70 115 189 29 92 99 247 92 212 35 56 26 100 187 155 119 83 216 184 125 179 220 211 77 67 119 207 196 149 149 131 243 28 173 236 84 212 85 145
65 214 113 27 103 54 35 211 192 0 184 200 125 83 5 83 54 134 108 237 183 147 60 175 143 48 94 41 5 183 178 138 67 180 158 42 229 234 11 122 60 89 249 52 124 189 69 15 211 249 197 190 29 49 42 184 96 44 169 44 177 179 52 141 243 227 225 83 221 149 207 187 229 56 212
87 59 19 36 131 132 177 181 7 197 197 226 203 99 4 132 223 199 229 233 8 9 60 32 81 216 58 68 213 19 96 52 101 184 246 19 237 1 223 209 248 179 250 44 17 216 23 95 102 12 161 32 8 92 176 218 46 73 143 95 15 117 39 172 219 114 103 183 85 19 112 171 233 36 243
1 234 17 184 102 99 68 75 22 31 106 30 86 37 254 180 221 32 226 138 247 118 247 191 103 117 122 12 134 237 191 50 215 176 160 56 118 7 49 200 230 184 43 141 24 28 71 157 12 19 103 164 139 234 41 176 101 208 244 83 195 53 86 140 110 153 155 244 220 238 206 94 191 44 150
110 200 169 4 54 221 214 217 74 229 7 214 251 189 144 45 128 90 226 108 25 191 16 10 243 164 174 150 26 212 24 255 13 5 66 6 78 206 82 76 250 197 104 122 34 27 255 180 225 242 128 94 144 51 220 57 103 208 110 198 78 120 19 241 116 125 124 179 123 67 112 227 5 3 109
77 118 128 228 14 161 200 73 255 92 175 81 205 255 124 171 60 62 231 144 12 42 191 7 221 67 216 183 188 181 148 220 211 211 87 37 223 208 87 218 141 174 58 108 144 151 42 139 219 112 150 16 147 198 177 45 97 126 35 66 125 41 210 195 220 42 235 34 144 24 187 219 69 19 192
189 185 148 129 141 121 159 105 157 219 135 169 177 63 40 189 212 109 3 234 96 200 148 132 250 108 189 1 93 204 70 29 51 177 109 209 86 194 210 255 169 15 106 142 252 148 52 39 172 91 43 90 121 241 124 219 82 85 166 165 114 173 193 204 153 165 253 200 43 9 142 28 168 45 58
241 55 78 85 10 239 68 26 9 220 245 47 142 148 206 84 66 250 49 190 156 96 123 69 39 235 43 107 30 9 114 167 177 94 145 241 196 6 125 55 131 211 203 149 20 227 71 206 208 10 195 165 57 68 44 206 68 173 232 43 174 194 108 51 251 120 227 15 57 130 25 194 48 87 209
155 168 184 207 216 191 226 151 70 142 26 93 22 221 0 16 245 185 75 44 110 173 5 58 27 13 40 0 245 239 35 154 153 221 152 187 13 210 100 128 33 151 115 176 137 237 175 36 142 11 122 79 215 72 62 87 93 2 61 86 157 150 124 253 137 255 78 148 23 5 243 160 154 219 133
176 13 31 65 68 118 65 203 88 252 58 123 253 79 247 245 104 55 183 75 171 22 184 240 210 93 98 102 143 178 80 173 181 115 16 178 196 220 33 219 126 214 94 1 148 222 182 170 99 95 13 174 120 87 121 9 61 46 31 175 169 54 103 12 159 45 42 117 188 137 100 233 238 201 67
89 50 59 146 47 101 8 128 171 41 188 125 209 131 179 224 56 68 212 23 209 41 15 181 95 140 110 149 2 67 23 178 72 14 174 75 94 154 185 169 129 122 172 145 193 46 115 169 43 0 109 43 117 221 97 90 53 166 90 101 54 242 147 65 160 229 114 180 48 59 184 37 176 214 144
223 17 13 132 186 142 1 41 1 72 145 246 138 96 24 41 62 223 134 184 110 78 126 19 222 241 236 195 68 189 231 175 115 160 9 141 178 206 18 15 220 15 53 62 66 17 35 29 101 18 155 235 155 233 96 67 40 225 123 40 105 74 120 18 27 178 71 247 211 50 96 102 166 167 74
190 3 255 139 71 224 25 152 44 115 64 228 178 62 222 96 201 61 14 151 149 215 14 32 19 138 244 72 200 119 233 244 203 36 51 223 198 251 19 34 71 4 116 10 90 132 31 55 116 183 57 118 57 119 176 162 251 53 213 182 5 2 249 27 28 48 200 78 66 191 115 18 242 188 169
154 226 113 231 35 52 45 246 191 253 3 70 75 85 226 247 213 39 105 138 93 78 250 248 8 105 235 152 72 62 227 195 99 124 132 196 238 139 224 236 70 135 123 251 223 232 37 19 112 88 182 227 225 162 165 50 220 44 210 2 170 33 6 65 197 236 79 119 226 151 73 29 239 232 209
15 119 132 50 218 102 106 188 8 107 150 187 95 172 157 1 185 20 244 42 81 89 225 38 2 51 145 174 125 7 163 14 98 35 112 174 172 190 73 83 51 146 79 32 255 74 152 34 117 50 152 133 7 44 13 74 32 232 136 206 150 189 115 147 158 151 47 228 150 250 108 231 18 144 170
35 132 187 103 182 204 104 197 244 90 122 49 3 80 155 100 134 126 85 195 172 29 92 152 223 32 224 186 106 198 121 208 114 225 85 73 121 80 21 215 39 212 94 235 228 115 161 141 74 112 206 157 137 99 86 160 47 87 20 144 123 183 70 185 40 124 56 226 255 227 178 184 192 4 232
119 141 220 195 95 111 213 64 88 150 117 121 135 52 137 4 129 108 182 99 54 74 57 65 183 54 250 253 141 117 168 139 83 241 186 188 253 174 107 225 20 32 22 251 92 129 47 19 15 75 175 43 173 92 148 233 145 176 146 31 21 250 6 12 61 159 13 128 29 34 240 92 218 253 213
46 102 97 198 207 73 230 89 210 31 95 197 82 61 194 211 54 149 52 250 29 36 77 62 108 133 184 69 105 241 81 189 33 0 157 109 218 170 122 119 156 158 10 146 43 130 139 116 234 246 131 179 135 31 139 7 164 233 209 109 187 96 243 49 37 176 32 146 7 156 82 76 207 78 176
57 225 10 221 131 89 7 218 88 132 164 182 184 123 191 77 176 25 255 247 255 73 66 216 246 33 205 115 233 210 185 115 177 234 126 107 109 105 236 228 80 8 187 76 193 49 138 205 80 181 73 138 43 138 33 80 139 225 212 161 143 101 126 35 136 57 149 106 162 98 36 213 151 196 107
115 176 142 240 254 177 193 111 7 155 180 165 101 72 97 119 118 204 148 128 179 104 0 27 59 132 132 177 157 94 97 215 99 131 100 56 200 206 143 102 254 131 131 190 119 74 201 33 0 214 32 180 135 245 235 86 73 5 54 162 89 17 123 31 80 29 48 179 30 181 7 164 137 112 219
159 50 215 152 200 129 219 225 189 124 62 186 142 2 210 207 141 86 93 201 144 87 63 50 183 96 180 196 245 72 242 254 109 221 247 122 178 30 138 184 148 234 176 8 144 100 172 234 119 18 165 92 155 72 200 197 163 83 236 11 105 162 27 55 144 247 200 111 195 241 66 92 189 249 147
231 140 29 53 59 19 7 96 73 166 33 120 244 191 217 252 253 144 24 1 46 2 175 223 186 10 12 86 29 170 231 131 51 234 109 192 225 4 186 209 130 211 4 33 182 38 74 55 119 200 137 164 77 254 9 21 189 52 14 202 73 31 195 26 121 10 22 224 53 247 73 56 166 227 219
90 81 117 36 196 137 105 110 7 8 165 195 190 24 236 225 158 191 134 197 80 173 176 72 92 255 80 110 218 55 5 112 108 131 217 206 9 223 69 114 30 144 175 143 82 182 169 20 164 127 215 128 29 42 144 200 69 53 31 153 50 127 79 201 207 78 6 72 233 55 231 13 103 100 58
246 52 133 140 32 67 157 173 124 41 162 80 210 71 168 133 64 101 92 245 128 41 32 89 112 210 208 10 142 249 248 193 203 158 126 36 71 109 226 41 76 33 227 123 237 68 165 17 180 127 91 172 42 13 246 1 43 28 152 184 20 246 242 138 185 247 59 93 190 217 113 27 37 116 162
103 223 230 2 231 227 132 32 213 90 34 55 179 148 169 198 48 72 36 0 147 207 200 170 83 239 67 28 127 164 58 47 109 115 228 166 184 109 116 117 12 132 131 161 23 125 89 67 136 248 127 10 85 17 71 67 207 22 124 28 206 149 251 166 99 13 200 153 134 132 207 245 241 81 115
62 146 170 63 169 73 94 201 213 201 56 240 28 37 90 248 97 104 42 57 57 247 77 97 144 222 184 145 17 158 251 91 65 14 10 28 229 158 150 82 112 250 133 82 99 0 145 212 175 200 114 1 107 80 233 187 91 250 223 13 17 225 64 51 17 163 172 169 3 169 102 96 42 141 30
58 226 188 6 124 35 252 116 41 221 156 208 189 51 184 230 96 53 105 164 157 150 255 22 212 251 229 111 168 250 89 230 16 71 49 162 134 120 249 198 75 59 208 47 91 254 191 233 82 79 126 39 90 193 227 2 3 107 13 117 196 119 204 68 99 246 193 22 225 78 132 227 95 89 253
237 178 132 231 134 139 14 122 7 68 40 161 33 7 94 116 131 57 121 138 232 206 88 179 149 112 196 111 231 162 176 185 233 101 142 60 158 166 122 150 88 95 36 139 224 212 208 11 5 22 33 118 148 229 176 39 113 165 99 169 88 52 156 100 43 111 232 169 131 89 215 134 147 103 227
77 33 109 203 103 11 238 152 81 192 37 253 232 162 109 83 60 61 161 52 191 217 5 76 13 57 206 249 101 97 248 31 73 212 5 142 21 243 71 110 234 53 82 4 92 188 95 242 150 201 111 122 82 45 18 168 67 115 14 61 194 252 63 11 81 72 62 13 51 15 96 121 175 32 114
127 182 3 152 218 152 65 181 196 250 163 30 202 148 138 42 114 198 89 35 155 211 177 238 193 156 9 68 172 4 140 73 30 107 20 84 43 237 74 193 252 63 171 90 3 253 147 66 58 167 165 20 182 200 202 151 27 141 196 99 77 18 251 45 38 206 7 229 118 107 92 54 8 180 163
115 5 129 179 155 191 251 180 40 239 128 44 124 233 232 201 137 51 216 160 165 198 41 193 40 78 243 253 73 199 104 243 154 43 119 236 101 54 153 32 233 157 37 50 147 101 182 92 44 204 18 54 134 39 246 137 230 245 101 239 192 70 110 55 103 66 15 247 57 138 242 134 32 178 79
244 147 72 222 55 134 86 185 241 24 236 118 178 128 244 235 43 164 118 38 44 93 5 132 219 142 127 197 39 161 98 195 215 252 59 12 166 81 65 190 159 252 217 150 92 207 210 68 239 61 180 62 247 39 251 128 8 186 142 194 122 243 116 4 189 184 223 17 26 207 5 159 59 183 4
112 173 60 164 90 159 41 167 92 90 212 64 124 245 245 124 16 8 215 114 239 201 104 170 85 245 164 16 153 167 128 138 2 204 237 205 104 96 73 228 93 157 120 231 95 53 29 103 145 186 151 224 151 44 144 241 142 208 160 33 139 182 100 18 21 237 71 66 26 188 47 10 141 130 3
241 224 117 252 115 82 165 67 242 132 8 111 23 148 99 84 234 111 135 41 74 234 67 179 123 250 40 72 90 187 205 37 194 210 176 144 185 212 65 250 236 108 100 95 219 144 120 77 216 44 84 29 69 245 22 8 52 61 216 227 73 75 12 188 127 238 203 143 244 126 40 107 27 86 227
194 39 80 74 255 37 202 123 253 42 93 210 116 246 124 101 252 38 146 34 108 239 185 172 39 149 193 186 255 178 40 19 35 1 56 85 228 100 137 25 26 149 12 77 99 246 229 12 83 215 105 90 229 242 93 123 45 133 191 46 0 159 185 160 171 198 251 191 94 241 126 232 179 214 197
8 99 168 123 197 140 31 56 65 142 50 8 219 1 120 1 74 66 234 143 150 111 201 65 201 57 240 176 105 83 162 88 116 103 77 22 229 71 117 251 169 130 110 1 115 136 123 217 244 80 130 164 80 20 119 113 194 75 89 6 209 186 194 168 57 139 227 88 199 94 104 47 4 164 196
243 80 211 123 162 229 215 203 116 247 39 37 122 120 208 204 24 44 50 195 209 154 63 196 132 158 237 242 28 148 84 65 137 232 225 131 64 95 86 75 72 57 112 198 1 18 13 146 221 127 159 37 38 83 41 78 42 37 165 254 183 180 123 128 71 253 226 234 154 108 33 216 87 61 125
29 105 62 41 218 105 255 165 49 6 134 12 168 229 159 143 161 101 166 89 159 111 53 218 29 97 123 144 231 228 53 94 93 171 166 68 247 127 31 154 131 235 196 187 62 173 244 171 186 93 2 194 153 56 216 190 224 107 113 57 121 245 1 8 242 179 131 182 87 214 158 173 125 73 115
14 195 204 231 230 181 45 201 77 85 247 165 97 252 209 10 140 209 2 163 86 245 60 212 51 244 180 66 38 166 156 141 170 46 244 221 203 1 97 249 239 164 155 135 203 23 243 158 149 166 102 196 209 223 238 64 52 1 194 111 62 134 188 47 138 207 213 7 186 109 151 124 5 36 153
12 132 181 175 39 59 146 49 11 63 163 65 51 199 235 20 206 148 131 183 154 153 90 255 179 24 160 12 167 60 58 138 24 220 209 34 237 93 195 32 67 38 123 212 187 188 11 189 10 187 232 90 28 252 255 164 226 91 52 35 170 99 138 254 17 47 184 84 43 250 135 59 210 225 146
65 84 141 8 113 96 144 11 38 36 8 142 98 51 201 19 242 185 135 152 130 249 224 116 73 13 72 10 237 181 188 229 35 43 41 131 212 243 158 154 219 143 197 206 55 70 218 145 102 133 240 86 163 41 252 185 65 47 110 92 109 139 144 187 84 146 174 158 207 237 19 70 45 107 50
207 65 21 250 61 112 241 24 145 36 152 217 206 203 190 241 47 74 251 66 160 66 128 212 1 95 174 246 246 20 194 255 218 17 147 204 207 96 170 58 238 85 5 219 88 233 25 174 20 43 143 81 130 83 12 133 239 250 36 251 221 213 31 39 221 142 84 170 217 99 218 253 5 85 112
119 176 182 61 51 194 123 52 72 104 54 93 91 247 116 106 228 219 42 23 211 236 199 167 122 132 164 207 197 50 139 164 218 230 182 185 69 125 95 252 35 58 7 64 193 72 20 141 52 169 135 251 160 38 231 222 233 250 176 114 156 139 29 210 39 192 30 56 184 158 137 198 16 26 151
130 70 184 85 229 200 228 129 229 58 201 8 207 227 210 235 105 170 244 41 114 27 24 233 41 201 70 197 225 199 233 156 103 217 126 13 134 24 54 105 85 158 219 120 31 46 147 50 70 85 140 196 48 116 29 4 254 89 237 42 109 202 20 88 37 17 143 56 70 46 0 70 236 125 202
239 211 53 181 234 24 60 222 248 239 149 27 255 146 109 46 254 107 217 244 200 203 21 158 87 123 26 246 187 40 184 63 79 114 51 240 238 157 249 138 98 7 33 247 234 17 192 56 179 234 15 105 114 76 109 64 16 18 122 239 191 219 233 217 14 147 61 68 63 39 15 219 63 114 222
229 198 240 163 171 89 216 250 170 21 176 35 73 8 88 19 160 244 240 230 224 148 59 77 125 118 168 77 153 167 241 10 184 28 194 237 149 51 165 25 93 59 3 188 170 172 179 195 235 230 238 10 171 128 6 59 45 213 190 83 73 208 66 179 183 196 7 236 165 200 97 116 50 105 5
0 81 240 140 221 21 193 191 38 196 235 231 246 35 98 250 30 92 57 230 82 41 66 1 24 199 101 236 53 180 112 151 111 149 29 147 150 6 84 3 230 176 64 152 22 111 31 100 136 162 237 118 23 155 225 91 124 206 23 113 121 205 101 115 199 84 167 163 219 134 133 179 23 171 40
238 89 99 125 38 238 252 173 24 180 44 200 118 101 47 96 153 2 33 54 139 115 9 208 190 242 173 114 108 110 165 169 242 61 34 253 194 210 93 35 203 99 34 194 192 102 157 218 135 74 33 136 248 69 84 133 21 215 27 95 7 132 160 85 122 99 5 237 255 140 86 147 8 120 155
178 214 198 96 77 176 102 49 86 35 226 174 41 6 163 150 191 18 126 150 215 150 4 33 164 68 72 210 72 238 22 115 202 43 97 137 1 162 156 41 248 232 137 96 45 140 214 168 44 60 47 127 89 201 123 239 112 250 12 88 146 218 67 15 39 114 241 102 11 194 147 105 231 252 254
98 6 63 248 201 135 119 35 234 156 109 18 175 70 192 220 31 229 14 10 74 21 46 164 219 201 86 136 9 197 170 67 14 25 11 13 188 32 172 222 57 24 89 90 28 117 103 37 251 192 88 114 82 122 163 63 22 206 33 34 72 167 23 171 82 80 187 165 207 80 170 173 13 27 34
60 194 12 187 116 106 123 96 148 15 26 109 139 49 175 141 33 43 98 59 142 149 77 49 0 171 19 174 195 52 19 27 76 51 45 24 103 28 56 183 120 171 133 54 229 142 164 199 200 157 0 149 118 81 183 154 123 36 125 208 77 152 67 59 221 151 205 40 190 249 81 147 0 211 53
191 8 88 193 114 197 42 226 101 177 95 74 136 189 20 134 94 8 54 135 150 148 25 46 187 82 5 192 223 138 217 129 68 72 86 53 196 188 23 114 253 38 102 85 107 123 10 89 125 118 129 95 240 161 29 98 30 113 250 102 25 215 240 18 56 35 193 58 219 85 167 21 104 12 154
209 80 7 156 46 219 84 127 94 159 185 227 210 50 56 84 182 178 45 82 231 55 227 83 251 35 249 58 115 149 229 11 50 113 183 16 153 164 2 229 119 116 43 135 18 30 163 65 215 38 144 183 24 139 53 132 231 30 235 31 242 94 132 172 120 4 145 183 197 42 175 245 84 232 218
139 108 74 3 7 42 149 223 48 150 222 137 218 104 195 25 231 89 107 253 175 160 32 113 159 206 131 183 42 253 6 186 64 71 84 159 129 208 144 185 175 54 117 202 53 29 252 82 40 149 44 52 249 168 176 98 10 38 33 31 90 86 53 138 251 152 195 205 76 124 248 56 116 25 194
134 99 211 240 98 209 53 110 206 115 64 176 121 59 45 27 217 232 43 160 196 212 12 231 44 105 212 149 255 223 169 57 215 167 126 109 184 2 192 75 159 187 139 161 93 179 191 123 103 245 51 217 131 240 107 92 1 138 195 206 5 253 5 158 108 189 153 56 126 153 39 235 127 35 245
96 148 157 248 83 222 2 93 76 22 215 193 27 25 242 14 169 47 120 152 25 74 253 118 148 127 94 15 126 155 94 81 222 217 132 66 22 194 183 169 62 114 146 191 79 69 30 107 225 95 247 49 247 16 188 127 247 86 180 15 163 70 64 83 122 172 14 10 48 69 201 128 35 252 151
29 85 218 163 22 130 21 89 11 48 3 189 255 50 190 57 76 34 78 91 255 5 154 24 65 57 95 181 104 223 190 62 188 170 50 208 155 104 111 190 217 29 245 187 7 54 3 160 155 116 157 67 241 42 175 101 237 104 238 171 239 176 236 88 38 64 8 114 243 71 221 193 147 3 104
64 182 210 93 135 175 190 198 26 232 0 104 46 193 36 140 139 37 222 41 166 133 56 192 132 211 187 41 50 246 208 241 206 84 37 159 101 177 241 64 219 171 4 149 157 61 232 24 32 69 141 217 134 247 50 194 162 6 123 198 118 246 164 81 133 3 207 104 195 8 235 235 122 189 13
95 202 214 213 56 49 21 143 61 116 223 20 181 224 75 189 158 223 201 133 3 152 162 181 134 160 90 98 109 209 248 149 143 221 49 178 170 99 116 207 213 160 65 144 39 20 147 114 193 215 210 193 221 25 46 68 175 75 9 147 40 170 198 176 15 248 122 195 41 83 199 133 207 237 18
27 93 197 68 75 245 9 239 129 114 91 211 218 151 217 133 52 126 234 108 247 196 48 231 14 118 31 95 75 213 227 47 74 137 234 248 114 53 112 161 226 246 136 153 208 44 79 247 46 0 174 115 233 222 0 229 87 31 154 245 103 92 252 95 76 201 168 215 5 116 76 54 134 220 106
222 55 70 139 207 130 28 1 213 131 39 206 203 221 110 68 241 249 174 101 194 228 221 165 1 76 182 162 148 236 113 115 192 40 51 217 244 57 12 167 71 7 87 46 72 215 36 194 254 184 58 81 16 124 141 252 131 105 63 45 226 206 169 104 142 39 114 74 27 90 240 237 27 220 153
