本赛题所有数据都是十进制

第一类挑战数据：（m=2^31-1，f = x^16 - 2^15*x^15 - 2^17*x^13 - 2^21*x^10 - 2^20*x^4 - 2^8 -1）

挑战1.1数据(截位高29bit):
64280564 140438508 85141866 92531890 400972537 197427590 109569070 301403686 232358846 68275463 332547124 481751412 17743684 128159555 163844105 449953210 205322104 169742806 135626246 37584844 518343635 435903938 256327475 309394889 382764080 


挑战1.2数据(截位高28bit): 
90094945 71439920 183904948 268296774 242925804 127673401 113980880 121535511 158730815 265712507 72857032 165850960 102593064 10484444 129240756 121800386 84721043 3098246 66792646 208167235 25343539 140991015 10579468 250982969 139099455 120723330 235366537 209101117 235294182 137826454 


挑战1.3数据(截位高17bit):
125507 71736 2096 18364 53185 58169 77930 26211 43715 91439 25582 60028 53558 9935 37586 93533 74604 16211 3527 124808 37372 113801 103778 56775 88581 14295 42878 65014 17675 81734 92197 70615 82815 99114 91684 


挑战1.4数据(截位高10bit):
69 792 264 759 972 416 697 777 442 963 1017 687 102 392 562 113 807 552 672 625 51 142 545 948 599 477 82 402 373 164 37 182 994 338 231 112 716 607 418 755 535 590 35 171 827 682 12 837 77 138 153 


挑战1.5数据(截位高7bit):
100 14 66 127 31 67 36 54 4 50 126 97 78 76 21 120 59 123 94 68 42 17 96 102 26 48 38 111 102 111 59 120 127 33 11 125 41 82 65 108 77 121 13 49 113 36 115 30 90 59 13 68 16 64 37 55 16 45 66 45 45 63 109 0 83 21 16 23 4 47 64 24 1 77 123


挑战1.6数据(截位高5bit):
7 16 12 9 6 25 5 0 13 31 30 0 1 0 23 27 17 24 26 6 16 30 1 4 3 2 28 23 25 25 0 19 22 17 22 13 28 12 7 13 7 11 0 10 25 5 14 30 24 17 20 7 20 18 15 9 12 10 25 7 13 14 6 30 31 24 23 9 5 23 9 24 23 14 27 8 7 9 1 10 13 31 12 23 1 22 16 3 12 7 4 6 24 20 19 31 13 9 14 18 13 25 7 8 1 8 13 9 13 17 29 0 11 0 10 14 0 20 0 25 25 29 10 4 0 29 31 2 3 11 5 8 18 27 31 13 25 27 31 4 28 3 6 18 20 14 12 29 8 27 


挑战1.7数据(截位高4bit):
8 14 6 3 8 2 4 2 3 15 7 10 11 9 11 0 3 7 13 0 0 11 10 3 4 12 9 5 7 3 15 11 0 10 7 3 12 10 1 12 14 11 15 12 0 13 10 1 15 3 3 10 0 10 14 7 6 14 3 0 4 10 14 15 4 11 4 10 5 5 12 12 11 12 15 8 12 13 7 6 12 4 6 0 13 8 13 10 14 11 12 15 5 9 13 7 14 12 15 0 10 5 10 3 11 11 2 1 13 7 13 13 7 8 10 8 2 7 13 7 13 11 1 7 13 8 7 6 0 6 9 0 14 9 15 6 5 10 3 5 1 3 5 13 13 1 4 6 6 9 6 8 14 6 4 7 0 11 8 11 8 5 8 8 2 7 3 14 6 10 5 1 10 7 0 4 1 10 8 12 5 10 5 8 5 14 4 5 8 2 14 13 11 14 10 3 9 10 7 12 4 9 11 9 10 8 4 3 10 4 12 10 11 5 11 0 9 15 7 14 5 9 12 13 10 4 10 3 11 8 14 2 8 7 1 8 9 11 14 14 9 3 6 5 14 11 14 6 9 5 11 1 7 9 4 11 4 14 11 5 0 8 11 15 3 5 2 3 13 8 6 14 15 8 4 7 0 15 6 2 1 10 0 9 9 8 13 4 9 7 5 10 13 0 0 15 10 9 11 9


挑战1.8数据(截位高3bit):
6 6 6 0 4 6 0 4 3 3 1 6 5 2 3 1 1 6 7 4 2 4 6 0 2 0 7 7 0 3 2 5 0 1 2 4 5 3 7 5 0 0 7 3 2 1 7 7 7 5 1 0 7 4 6 1 1 6 2 3 0 1 4 7 2 0 4 7 3 7 1 2 1 2 0 2 6 3 6 1 6 4 5 3 5 2 2 0 5 4 6 0 1 1 3 0 5 7 7 6 7 7 6 2 7 7 7 1 3 6 3 7 1 5 0 6 7 7 4 4 0 7 7 7 7 2 4 0 2 7 4 0 4 2 4 5 2 3 6 1 6 1 4 3 0 0 2 4 0 1 3 4 0 7 2 1 3 1 2 6 0 4 7 1 2 2 1 0 0 3 4 6 1 3 4 4 7 2 2 5 6 1 2 3 1 1 1 3 4 2 5 1 6 5 0 6 6 4 7 5 1 2 2 4 1 4 2 1 0 1 1 5 6 1 7 2 2 2 6 7 0 6 3 5 2 3 3 4 6 3 1 5 5 2 0 2 3 4 1 5 0 2 6 5 1 1 6 3 2 1 2 0 4 3 3 6 4 6 6 2 3 2 6 6 7 1 3 6 4 5 7 2 1 2 2 6 7 4 7 5 4 6 7 3 6 3 3 1 7 7 0 6 7 5 7 0 2 4 3 3 7 6 7 2 3 7 1 0 6 4 0 2 1 1 5 3 7 1 4 0 4 1 0 5 2 3 7 5 7 2 5 3 6 0 0 0 2 0 5 0 6 3 0 6 3 4 3 2 3 1 5 1 0 2 0 2 4 5 6 3 6 2 6 2 2 6 1 5 7 3 4 6 4 6 3 6 1 5 5 5 3 3 1 6 2 2 6 1 4 5 6 6 3 4 7 7 4 6 4 2 4 6 5 2 1 0 4 2 0 2 1 5 6 3 1 6 5 4 5 2 7 0 2 7 5 1 7 0 7 5 4 5 5 0 6 3 1 0 2 0 0 5 3 0 4 6 6 5 3 2 0 0 2 0 4 7 3 7 6 6 1 1 7 7 5 0 3 2 4 6 0 2 3 6 3 4 7 0 6 4 3 3 6 3 6 0 0 3 4 1 4 7 3 4 0 3 1 2 5 7


挑战1.9数据(截位高2bit):
2 0 3 1 0 3 0 1 1 3 2 0 0 2 0 1 3 0 2 1 3 0 2 2 1 3 0 3 2 0 3 2 1 1 1 3 3 0 0 3 1 3 2 1 3 1 1 0 1 1 2 3 3 2 0 1 3 1 2 1 2 3 0 2 2 2 0 0 0 1 2 1 1 2 0 3 1 0 1 0 1 0 1 1 0 2 1 2 2 0 0 0 1 1 3 1 2 1 1 1 1 0 2 3 3 3 1 1 3 0 0 3 3 1 0 1 2 2 0 0 1 2 3 0 1 3 2 1 1 2 0 3 0 3 1 3 3 0 0 1 0 1 1 0 1 3 3 1 3 2 3 0 3 3 1 2 2 1 2 1 0 3 2 1 3 0 0 0 1 2 1 2 3 0 1 2 1 1 0 2 3 3 1 0 0 3 3 3 0 1 3 0 0 0 3 2 2 2 0 3 3 2 2 2 2 0 2 1 2 1 3 3 2 2 0 0 1 2 1 1 2 2 3 3 2 3 2 3 3 2 0 3 1 3 1 3 2 2 0 3 2 3 1 2 1 0 0 2 0 2 0 0 0 3 2 1 3 1 3 2 0 2 1 1 2 3 2 0 2 2 1 0 1 0 0 3 1 1 0 3 2 2 0 2 3 3 1 0 2 1 1 0 2 1 0 1 1 1 2 1 0 1 1 0 3 1 2 3 2 2 2 0 2 1 2 0 2 3 0 0 0 0 0 1 2 3 2 0 0 3 0 3 1 2 3 2 1 0 2 2 2 3 1 0 1 3 1 2 3 0 1 1 0 1 2 3 1 3 2 1 0 2 3 3 0 3 1 0 3 0 1 0 0 1 2 2 3 3 0 2 1 2 3 1 1 0 0 3 1 3 0 1 3 3 3 2 3 1 3 0 1 1 1 2 0 1 0 3 0 2 1 3 2 0 2 0 2 3 1 1 1 2 1 0 2 3 0 0 3 3 1 0 0 0 1 0 0 3 2 2 3 3 0 1 2 3 3 0 2 2 3 1 2 2 0 1 0 0 3 2 3 0 0 1 3 3 2 3 0 0 0 3 1 0 0 2 3 2 1 1 3 3 1 2 1 0 3 0 3 0 2 2 1 1 2 2 2 1 0 1 2 1 3 1 3 2 1 2 3 1 2 0 3 3 1 2 3 1 2 1 0 0 3 2 2 3 3 1 3 3 2 2 3 0 2 3 2 1 2 1 1 3 2 1 1 2 0 0 1 0 0 0 3 0 3 3 3 3 2 2 2 2 1 2 2 2 2 3 1 3 3 2 1 3 1 2 2 1 2 2 2 2 1 0 0 0 1 1 3 1 0 1 3 3 0 1 2 3 0 1 2 2 2 3 1 2 2 0 2 3 0 2 0 3 0 0 0 0 2 1 0 2 0 2 0 0 2 0 3 1 1 0 2 1 1 0 3 0 2 0 2 3 2 3 3 3 1 3 2 2 0 3 0 2 1 2 3 3 2 0 1 3 3 3 2 3 0 3 3 3 2 2 1 1 0 0 0 3 2 3 1 0 0 3 2 1 1 2 0 0 2 1 2 1 3 3 2 3 3 1 2 2 0 1 3 2 1 3 1 0 3 3 0 0 2 3 0 0 0 0 0 0 0 1 0 2 2 2 0 1 2 3 0 2 1 1 2 3 0 2 1 1 3 3 3 0 3 0 0 1 1 1 3 2 2 3 1 2 1 2 0 3 1 0 0 2 1 1 1 1 0 0 2 3 2 0 2 1 1 1 1 0 2 3 3 1 2 1 1 1 2 1 3 2 0 3 2 2 0 0 1 3 0 0 1 3 1 3 1 0 3 1 0 0 2 1 0 3 1 3 3 2 3 1 3 0 3 2 1 2 0 3 3 2 3 2 0 1 3 2 3 1 2 0 2 3 1 2 2 1 1 1 3 2 3 2 1 0 2 0 3 2 1 1 2 1 3 3 3 3 3 1 1 2 3 0 2 2 0 1 0 0 1 0 2 3 2 2 3 1 3 3 1 0 3 1 2 3 1 3 2 0 2 1 0 0 3 0 1 0 3 1 1 0 2 1 0 2 1 2 2 1 2 1 2 2 3 3 3 2 3 2 3 3 2 3 0 0 3 1 0 0 0 0 1 0 0 1 2 1 1 3 3 1 1 2 0 3 2 3 2 2 3 2 2 2 3 0 3 1 0 3 2 2 0 0 1 2 2 3 2 0 1 3 0 1 3 1 1 2 0 2 1 0 0 2 3 1 0 3



第二类挑战数据（给出了前三小题参数r和t的参考取值，r和t的具体含义参考文献[3]）：

挑战2.1数据(m=2^31-1，2阶，截位高14bit，参数r和t的取值（参考）：r=30，t=8): 
195 14767 14908 15849 15774 14295 13243 13408 1977 6300 7020 6051 13062 501 12986 2451 8811 3757 2869 8013 2992 4467 8423 6659 6854 2590 12044 7640 7728 595 2185 13516 13639 12290 9025 4765 1728 


挑战2.2数据(m=2^31-1，2阶，截位高8bit，参数r和t的取值（参考）：r=60，t=15):
234 19 219 30 39 49 88 181 80 113 116 61 39 241 55 149 95 161 109 22 56 248 191 136 191 231 134 7 177 122 179 61 20 216 24 163 60 68 119 129 18 214 245 228 199 57 81 74 112 131 2 7 128 145 104 250 214 187 229 248 103 117 155 128 204 200 226 20 221 54 80 90 79 213 


挑战2.3数据(m=2^31-1，3阶，截位高10bit，参数r和t的取值（参考）：r=68，t=17):
938 76 445 973 824 885 258 733 788 200 21 1010 595 492 685 775 777 57 354 251 857 475 317 822 838 105 250 181 815 426 402 79 388 643 276 737 843 198 313 656 371 949 449 12 405 674 880 439 536 1001 357 549 883 108 442 913 237 644 496 863 795 561 130 411 639 891 135 673 68 967 712 344 894 930 284 717 711 983 291 523 157 461 21 61 


挑战2.4数据(m=2^31-1，4阶，截位高10bit):
11 30 301 245 280 143 954 17 475 45 135 512 51 851 553 704 592 850 140 269 762 225 526 346 276 694 975 99 925 1010 680 50 765 684 773 798 340 531 756 507 200 177 431 950 41 109 517 538 275 661 972 271 516 434 812 653 597 745 740 863 717 574 921 739 138 315 1006 634 130 264 326 227 223 792 749 570 448 57 375 242 223 861 69 320 513 623 214 370 692 640 950 659 310 27 110 838 983 1016 554 947 20 81 706 776 662 87 957 326 78 926 697 984 617 169 736 900 152 66 756 


挑战2.5数据(m=2113941029，5阶，截位高13bit):
4828 7394 382 627 2 6507 5977 736 789 287 695 173 3900 4656 7022 3418 4933 288 3886 2531 3729 2973 3080 4695 2062 4518 317 7653 2186 3304 419 7309 7498 4906 1591 5632 2516 3352 1047 6955 7342 3037 8034 5859 5366 7893 5361 2326 1648 816 788 7646 3319 5803 1043 4557 2235 4700 4081 5818 881 6594 6092 167 7749 4885 4001 7007 3058 5183 3280 5294 7873 7409 5640 6475 6201 2608 4977 6544 3288 2999 2326 156 4541 2626 870 5852 7085 531 5422 471 1110 857 7730 3639 432 5478 4388 7251 6989 2136 424 7956 5042 1772 5784 


挑战2.6数据(m=2140900439，8阶，截位高20bit):
1025827 624369 919320 401482 246031 312434 361412 598189 7503 813710 675613 202259 303498 224474 241372 955244 542909 931727 544171 637486 514507 1034015 901684 611689 305228 750854 928042 197219 74692 768745 119199 647261 983125 126700 488858 569366 841381 730765 911298 754798 29637 775435 129500 132222 848576 228303 435291 672631 998601 80346 799554 861260 700161 35112 285058 30795 268233 748579 16320 620059 233632 316850 235121 196874 95571 999884 601809 183632 115468 807431 687395 421650 273608 241153 697778 759413 87701 343542 366149 927052 6395 358358 567552 958763 844514 244359 538293 89801 904360 438914 148106 490250 320954 41135 34043 498692 367712 964691 581427 314928 910388 257476 553 489202 867273 356681 571451 360584 840027 


挑战2.7数据(m=2086596509，10阶，截位高20bit):
879284 839573 623841 309317 526982 1005988 280201 608297 69246 435104 1000670 903666 959928 789828 399262 105719 687548 577563 635698 365152 516854 319314 516570 487047 727978 797139 626394 781969 922652 635643 927293 441340 666786 824784 134761 419823 111571 878501 403959 231628 28876 356652 206419 372588 696879 556000 960142 554633 366312 963416 1006828 240690 322834 823194 865307 479268 77228 128161 395269 422016 920797 809403 565026 397513 633296 453805 748119 451456 897669 365588 368810 499137 967232 328789 440978 27685 461002 458360 875915 348849 36206 832065 567386 568612 683417 220166 83481 262519 767425 838897 669371 543227 164651 822840 479638 1002013 248769 561328 907596 562430 657662 43262 262943 112187 129603 573183 775763 892382 902783 359780 557388 952164 512587 196963 53666 858409 612372 60491 763058 827183 446313 522128 702113 884441 630711 1015648 934976 545748 373780 467126 535825 205296 1004848 611879 755392  


挑战2.8数据(m=2123058169，12阶，截位高23bit):
5496569 7674068 5948815 2760934 3995563 6285284 3693273 5742054 907605 7910758 2553420 2357324 4694577 7531109 7337281 324143 5003326 66525 1431720 3636311 7067737 4559913 6449082 5447586 7494234 716731 7806536 6064434 222768 1650867 20729 3570685 6612755 1322209 2117744 3193198 3453936 8279711 6227747 4563424 894865 7247285 11876 7090026 7385371 6351043 1644289 1995402 8088053 4544628 3333540 1007250 1025871 6950711 4052107 2014382 2076502 7212083 7645991 3235490 1242447 1898256 6066299 3438298 5683905 7093874 6797928 82632 3502427 991290 6944885 61832 947179 4598060 5221511 606358 5073413 2057085 872703 5116500 2484423 1425533 4604489 7273975 4747250 5480527 3394973 5582693 5398946 1153407 2428109 4076418 6392290 4200069 4600901 8212345 2402278 2256784 6437187 3087887 3421719 4310836 5491475 4107988 4645893 3467959 3651571 4365415 3654482 7757946 1610823 4351287 7382702 822324 2862372 8233518 2546839 8207029 7354196 5546602 7305036 5703316 471665 3118002 2401597 7983407 387475 4968437 8290485 4886138 4875772 3738141 6434217 610282 7852415 619914 5008133 


挑战2.9数据(m=2^31-1，14阶，截位高23bit):
7981538 7205540 365495 3804727 7085867 822412 5399654 1552798 6131723 6440234 3795893 5910979 5946678 4202666 4281961 7345950 5370847 8224102 6647288 6679653 7775460 3916863 3842766 2432246 2836113 7703927 6223779 634912 5699164 5907033 2125819 1694455 5297067 4540642 4888808 6777260 6546009 4825982 574499 6562098 4701021 7560261 4857616 5929093 5694943 543753 4103413 5112243 3326971 825272 6109398 1901619 7894041 7975402 4982109 5897688 4150701 6984945 5144646 7658894 2595740 6170087 6524788 660865 5541939 8125702 4034888 6903775 628853 5821604 5267033 831244 4660279 4790194 932342 2913449 3801156 5685594 2182463 40962 6809762 8230230 4560947 5345952 571646 7134554 7288879 1341895 7979056 3395468 5541759 5742579 2100875 5219728 5304778 896207 264747 3590220 7424367 4873977 5261023 3593005 5186309 6363237 588801 4952034 1111136 375876 907930 3367120 5683042 6193420 8170934 5520141 2847867 3331279 6167479 1890086 2378713 6737505 73118 2782719 2836652 6470770 6652821 798078 3056563 3189360 2830162 3313076 166202 7881659 4776941 6418289 6428623 2802313 1368177 628590 5970257 935577 7070388 859269 4615824 7015491 7716788 173965 3519059 5487152 7417678 6501991 368531 161093 7358515 3440620 3437278 3150512 827197 950963 2612929 



第三类挑战数据（给出了前三小题参数r和t的参考取值，r和t的具体含义参考文献[3]）：

挑战3.1数据(模数为31比特, 即2^30 < m < 2^31，16级，截位高26bit，参数r和t的取值（参考）：r=140,t=30)：
44456094 21837322 70778 66350548 47372484 64008740 38344370 50798416 14851792 52582019 52182725 15957807 8500385 50279939 41197419 56378634 41987610 45589828 9796646 59530599 55990218 36591979 33866736 16602664 11726572 35533416 10550649 10759824 37051886 44512486 7796529 53612630 62409341 49952740 34677450 26111163 15217540 44164776 57496054 43908486 14734188 22361467 36931479 32956931 48041693 41610467 53912097 33147679 7616949 65603703 40957535 12468977 45783200 28301903 16295434 27792010 39851035 40577404 22198344 46787615 13984216 42720811 24128847 17714832 37591709 30165476 9908537 16703652 5624876 39140169 20328862 19989598 50174798 62213167 11084295 47627788 40636415 41220073 6954071 31294867 656185 40498658 23344923 6499047 29037439 50383808 16653418 40488423 36779609 25289159 53612897 51438463 58429355 15715988 15660857 41815990 22760573 25411989 50056545 16180694 57096757 39560075 44271944 44645658 11082647 14393560 41942865 42227966 27610074 49485601 38370269 44459603 12544702 150896 17291457 46657202 23657606 11396227 52919206 26927216 14413980 15776667 63601962 65284481 15581651 37625694 58127554 24804120 28595849 56437622 33050169 58970119 10273612 11606600 40877145 31186425 64322842 9913810 33723186 66147297 5629071 6221517 18736397 52608091 46076959 14311716 24413666 50065068 51614239 1747171 3251883 65125006 47202629 10859575 5597716 42140769 20485748 58989984 14622139 25540585 29125294 13655037 47370797 13930861 27605134 11407145 9625078 3951433 11959140 37437903 9846273 42093113 58610859 44356223 38935017 38308290 14998774 4890227 40540984 17328237 8023426 7597505 1590435 49662131 59139095 59922280 41185893 40015850 12995907 55493882 62838305 903893 49061485 4518263 42141629 20414527 190441 21344816 26916847 61647441 45533176 34226994 17717675 39520037 8424669 52961853 17717226 15772464 19638038 5316612 17603985 4746371 10649726 2797303 42382211 38814027 55579743 61413863 65964187 28000198 1413602 36395477 46489362 28357556 51593389 54306516 20902413 36065232 669640 16998137 50678115 54651 50977845 36999614 14761681 7923655 13296887 48642975 37548923 39008714 50119687 14608009 43966578 50452836 24671072 38022157 6414228 3644691 40748561 37988944 


挑战3.2数据(模数比特长度为31比特, 即2^30 < m < 2^31，16级，截位高21bit，参数r和t的取值（参考）：r=190,t=40)：
940532 771079 1209175 1980979 1097857 1580923 441577 75853 45801 1086117 2064904 253866 1929917 1481591 144090 71939 718817 458543 843556 245792 1594521 1461552 1069439 1669194 1662413 870445 428097 658473 1834666 1143870 607098 2049273 621015 1160518 1530734 1285030 873399 2041019 474168 1660288 545710 1541100 358856 1962857 45218 774579 967432 1458697 1961927 1486098 1357593 1334790 1999905 1814119 1503349 1323010 1764761 189754 1150674 1748345 553360 781312 1434278 1832908 1614508 2080572 1967856 1917290 627577 1431816 1389533 1773787 1391615 1611142 1433506 2013604 204601 1599471 743175 69421 1241930 710227 1005270 1111678 1694458 1303561 1935750 1471155 455691 756830 369113 322561 363277 1944138 2092343 641669 1256496 164210 1016673 164373 468235 582428 724121 1684545 1339161 1037365 1891744 433485 2078066 326459 1588256 128094 882918 809476 98380 42746 1303093 1025653 305699 1679092 1765554 1733667 1881616 245647 1555904 1504198 1034859 1259262 427201 347873 162024 133035 2067329 1718382 906867 1947707 509560 475300 356757 1308294 1104718 1878891 2043786 496020 1161673 878873 559664 1407781 18509 594692 1938778 125821 891635 1416223 240381 998572 1788326 438959 935366 447405 135837 1997164 635407 219096 1109011 1851294 1428487 1406815 2049880 1863789 546046 159835 1180783 452751 1645916 1763839 801524 855579 1401391 1663892 113484 1497443 275320 871402 512387 342266 462875 1389104 886188 786237 1015040 462758 608409 176455 1097257 434973 813037 7035 582679 970007 820720 157848 263382 390393 611217 118431 755657 796738 1576249 240283 956873 1855970 1620140 1069108 1369256 738439 1911127 1850282 1971655 740934 328270 1256965 927881 1915556 599412 1031604 1590745 1350061 874033 1940271 926987 1456490 1463029 1360123 201148 1103252 1001251 89223 1833850 260660 12546 1106446 1164460 1083961 757169 580313 297053 790666 1912784 454349 645026 644789 2050843 49636 1271321 516423 1484634 63613 1637945 33790 1775975 1748271 363020 1880068 1998827 1187961 387099 324042 1349229 1432646 728314 1881285 1602604 203277 1910116 1670939 657106 1785975 223526 1399260 2039573 1778065 221236 920020 532811 797619 377689 1464048 1599561 24081 527844 1432074 547383 890964 1483757 983123 676182 1788055 144317 633502 744361 115578 1219395 57994 363473 72897 1234980 1846586 373064 286817 1739291 2033233 1886247 216547 1478529 1912549 742398 2050572 1429141 131982 1120406 1301862 489150 26850 1144702 1844368 1927004 1556561 516212 457383 1677051 1563023 952456 632046 875369 1814200 25323 1045139 1908699 489770 927014 237237 1757114 1223191 1603350 35005 1838768 1849741 1798127 1749707


挑战3.3数据(模数为31比特, 即2^30 < m < 2^31，16级，截位高17bit，参数r和t的取值（参考）：r=265,t=70)：
120626 94605 23218 9785 23187 38005 23014 93204 57776 127953 70803 37803 3093 107037 102726 92290 102070 118062 23121 96125 3076 21726 52392 67211 108066 39114 89430 124684 71520 40603 107508 96378 51918 9559 71319 123071 7829 1399 96343 119341 58770 2654 51824 63077 18640 41461 71963 89909 124367 56833 113522 10977 19608 19746 58579 108842 118112 39827 92280 31032 56735 93498 54599 101678 20489 127568 70308 84490 128661 120131 112403 26319 63740 124006 56323 94322 80502 29748 17808 29447 126278 108817 19609 75822 121864 32536 102662 10446 28972 85487 107306 1995 96030 69595 9768 94298 70939 119778 22553 85582 17986 60120 16186 108599 22875 125615 13233 61444 82 71484 90210 67232 120625 22055 84358 84992 23495 116014 105709 6649 27061 110878 93438 77224 2491 65950 92720 64461 18185 122761 109063 87922 105531 86315 106882 53571 5640 43613 83089 52778 39073 2877 13379 130503 121350 86995 60350 37297 94687 102801 75733 81969 86440 80086 91101 32685 130575 107207 13853 74760 56001 99699 18496 106303 8086 50785 86449 68761 82038 108861 113865 5236 23016 53914 90122 73726 125257 42329 9067 124550 105047 32190 86733 111996 103129 122041 49369 80637 78178 107369 116741 74459 43664 47397 70098 6949 13220 122854 63204 32050 9485 83581 51835 22242 100602 60011 16534 66486 81163 105049 20465 45820 10848 127690 7132 107883 41508 74757 52323 66563 33607 52676 49256 62523 100529 99100 89085 102399 88081 19913 93884 98158 115139 25718 44956 44136 1934 104268 46733 65396 29904 93563 39067 87898 65473 33407 73767 63472 56834 53299 57677 14542 84755 116188 44521 73981 20384 11711 16439 95760 117108 5736 32773 109186 83059 56008 5363 76577 10689 111895 29662 98051 102992 74151 90104 128054 23820 100967 71685 112424 54313 58801 63516 37568 19246 92151 30721 44887 93040 55472 16260 16536 98973 44479 34162 22153 93901 49196 96395 103445 104873 113933 33153 70959 20424 18036 43714 92187 91697 48991 130786 101980 15697 345 51863 35510 126247 120808 60063 23182 25313 68024 53108 128057 55515 25611 36334 109286 96726 91279 124734 19405 124022 53574 90921 9321 13148 83144 37920 42367 125295 65006 127837 124237 116208 114573 104005 116940 119215 13772 53726 91714 84755 77554 71735 11446 43011 62919 39741 24760 34500 12712 12027 94814 60850 17684 1492 50099 14769 58492 35570 28098 30231 125778 45960 8735 17150 69719 75132 20864 44243 76472 106678 41033 38208 3753 3635 27747 42371 64721 121155 130988 2474 24489 50442 7838 19983 23815 20477 112180 30579 29011 42496 87869 128163 110520 37112 71006 79391 114659 117303 74409 83355 283 3809 78762 77331 87495 54675 66143 59621 94909 37202 66749 107440 88424 15464 20762 119062 100498 26510 46254 14984 14401 102335 55100 52039 86709 109703 1305 99476 88209 126192 52984 15749 123518 130061 42264 92279 44559 96556 52437 34329 47075 32193 21769 34791 40534 20110 43526 72570 82218 44986 115256 61256 68044 20716 41216 128449 105995 129727 45265 88473 40438 93796 89054 76170 72538 21460 63460 100878 105947 91372 104043 35213 128525 113633 5315 76310 56360 61994 60526 6278 83760 54829 73858 121225 129189 93997 129240 67750 78436 9183 102275 96275 34686 121051 20689 103981 77546 116030 13031 90236 30218 68256 53838 5913 71343 96869 26967 79925 21583 53730 5375 40222 64956 1897 76655 87839 129015


挑战3.4数据(模数为48比特, 即2^47 < m < 2^48，16级，截位高24bit)：
12651105 1087179 7703953 3021748 8316605 5659141 13933103 3695624 14672451 1836845 11430912 910855 2142965 79976 3297803 2475443 7333455 5795472 8625395 2246829 15949934 552939 5914093 10156976 13772219 13593332 16265303 12614963 4701351 11960692 14601987 510914 13379400 743172 15675949 1772614 2078157 3517280 9679280 10769254 10218545 16081949 4010035 136874 13808537 13581038 6821514 14376442 8159292 6601829 16542934 3433720 7942816 5013234 3706418 12916222 3934078 3594243 6127790 5192786 12444891 5831769 14686435 11900984 13536854 13786095 15570914 15683087 10685364 1542119 341815 4093623 9934298 13826076 7785959 940801 16154561 3004538 6830419 14921199 14366839 9295277 11245053 8679540 9990232 9418998 13280397 13460430 988337 14346116 4679068 3640868 5573922 7908252 15943004 16744937 6252949 6900889 6721963 15791905 15388820 4973714 12140896 13625082 7443369 5862531 7115384 3428573 8916966 9018183 2049382 15142402 4940641 16707903 6454269 5855559 16180736 9017023 8781562 9005508 13587924 541167 11205109 13602246 6885545 2882267 14508516 2362328 11363172 5682642 12574003 1353812 13404424 11193322 4571834 14843033 2028746 11321912 12842196 13967163 11464943 5181971 9657093 7848456 2567455 6510530 8783903 11326125 3753050 2019850 12389901 13351781 5310701 12500926 7048913 12370886 12983515 3841399 3852588 13189410 16501292 2649868 15856744 698372 3122766 8756546 12065578 5464709 14623483 1194743 11528680 16633050 4907909 5864895 11886073 14597976 3961517 7382769 7666407 6553484 1021493 8280864 14547469 2263480 1979529 13450820 6985323 2988928 494885 4610900 13982496 2720821 6324604 403789 11474402 7328730 6179109 14323132 10854183 16396480 12767254 3887491 5272455 739403 13441983 14846967 14937754 11256488 8051708 13438529 11426224 5492533 10542273 7798523 7593781 12105827 15200512 2558240 8548619 331044 9565148 14341409 16503284 14584601 11856266 8256951 803738 1047394 13588661 4318350 7418927 2060522 3872251 5191022 13184434 1799972 8529452 16492022 11448414 11150636 4167178 15251541 8568097 14567187 9285587 1063464 10681861 5677977 1919757 280802 5097957 2460625 6712438 9110826 11665525 5754722 827176 11869174 10674910 1085372 3267472 7984395 16425297 4068354 3762836 5670881 15989816 11592515 8894574 9599299 12883919 141413 2658886 2888189 3842561 13700089 12739645 10336922 5599180 13904370 12891631 1887838 1599186 2463040 1228551 1657391 11427789 12982639 4735908 10873693 11619128 2154497 10676006 14390687 14910326 12160899 3236071 10204542 1305200 15152137 480247 10869534 8348867 7746522 5746059 9695989 1075396 928409 4639394 4006088 15026578 6436492 13207561 9582191 5634577 10943401 16499229 14838 1419584 10374959 4756338 8686939 15120502 3403274 8639378 2330037 12746686 11193803 9169120 15873684 14304523 9074807 4376237 2624517 7072684 14154750 10930659 10934336 127789 4742810 1867631 12089612 5720337 2585722 16408810 9647943 7099861 7780709 11927858 14234241 4001952 2447121 10555948 9465256 6658173 3600745 14697201 1831358 7333636 10995741 13338243 12018943 16646601 12132912 2890077 5066552 7203181 1818865 11713315 13577832 10529136 9817801 7906928 16123932 9390438 15931977 15179043 2180037 16456177 5856710 3902252 5021276 9846743 15602586 6286061 2051178 3149612 11356855 12471028 9800632 5492033 16570280 10718669 1979045 14085821 10537331 16593003 7717958 13228738 16563889 12911979 9967265 5323314 3800150 10027030 9676586 2262858 14015158 9623473 10407263 14073151 7451111 8421718 2477392 8315801 7753112 7559612 2629031 4339508 13096607 9574482 14504715 14513049 4172980 13685174 3744247 1591092 2874992 7393328 13198916 11868624 4011252 13961562 1399344 655966 545798 12320704 10766826 11642457 9737688 7642819 8077576 6090691 6687172 9818600 10717371 9458089 2458054 9317887 13680051 4181421 6073148 11092156 4101196 11583180 6030960 6673274 11098943 9590139 15412864 12916931 13994198 3477900 10563165 6216058 10335993 14377957 14640312 11353353 1541250 13418710 12153543 10176743 5858385 13801941 5563231 16466897 9596246 595435 13672302


挑战3.5数据(模数为48比特, 即2^47 < m < 2^48，16级，截位高21bit)：
1962716 243621 59482 1612195 1770624 1761540 1657177 94488 1991994 1646931 986999 2011915 203346 1871863 1373060 1290452 606157 1320517 1846424 522766 66516 156586 1378573 2034475 1968211 1145240 447349 481936 502372 1126169 1800628 738088 1895679 628366 1366092 1666173 1464673 928180 1523652 1365186 1887285 1920989 1130656 1068928 149813 851694 1328772 233893 1394415 1368279 1431281 1506533 152525 668123 1761429 1208596 569979 493404 1484728 10225 1470274 1866346 1656271 1666276 940803 1388521 1318264 1935681 1257644 355354 129368 839092 1279467 1228675 1654163 472855 767832 344253 1939853 1318916 896855 164960 329842 1182494 1561610 1108898 447349 1119987 419626 620707 1361865 1670230 1953897 1035436 626910 2079061 1417428 1019822 314863 130017 777706 1697045 1980670 1885786 542593 157658 156676 878168 1005212 1626453 883962 1041720 602113 16130 346469 333069 792106 1387891 728083 12494 1036200 1302680 1902423 816840 250401 1084463 936588 1507379 1994110 1613451 822456 770415 1940461 1606555 2016057 1500066 658710 1866654 2060260 7250 567132 1379135 1030142 1795273 1485468 1674126 335895 1234488 69201 1660643 312129 1306295 1403112 784906 1847861 9283 173118 343008 1238033 1442618 1907633 2063942 758671 2040631 1922816 295784 2064492 285944 429643 338895 1698609 1503151 1362699 1865812 618909 327212 977462 420588 597256 282882 1294523 515031 1511302 659008 1091605 234678 908211 60634 1506841 1548192 916859 1019025 1912798 447415 1729273 1794558 466029 1465410 86564 1300984 953896 1224924 1584311 1617056 890345 746607 1444840 345629 280484 817425 170621 891642 181028 777694 1368630 295965 1818364 1492819 1860513 779762 1024662 1219082 1823766 1732957 876333 1347030 1015158 106549 2005263 229117 1777048 1381410 309632 1969774 1457756 419354 1640052 1641244 159859 1966860 1011906 1903191 450821 892111 59787 1971117 454758 1544881 864490 763795 1722895 937398 1421616 1543729 2034821 1607602 276288 174738 1395350 1236689 498242 1519939 713142 345937 540682 552242 601061 1927642 1865902 1054807 1723393 1603587 1533163 192110 700179 716853 1429243 185428 1105957 2089732 1351659 1408286 727634 22395 1984208 605742 1908966 1744227 625459 772735 289896 28746 1704607 173395 1154296 939935 731358 921277 92244 1847594 783035 1312181 2060458 492934 1127327 129433 932855 1260469 1898060 2042354 550926 603461 90642 450348 233217 1639684 678264 1171985 963569 1431698 1405040 1592202 1892130 780607 1687106 70144 535127 1974833 1510304 565821 2064903 1579671 2019859 410540 5955 1811983 2047807 1436709 1160340 1003005 1941186 376139 1266628 73567 1259164 1820760 133604 1048839 938370 1345065 904626 221363 1539182 1449991 664489 2012563 476246 422062 1332995 1089544 1898440 1542420 1716900 461359 1965687 1422830 1203730 1720005 1861390 202379 789082 1021016 1406364 1830455 1742978 2079801 1459947 12386 859533 491772 1557518 1875364 423273 1381749 880739 1328505 1456585 1208557 767816 1808904 633657 655079 1153705 1071955 1318126 390163 917312 316833 203802 2034969 1200534 486737 358082 1017984 995752 337730 1857997 1549011 1557970 232676 1413672 1088423 1751084 1116478 1421708 885194 587335 132127 1141131 1353134 1714995 173908 1914386 1348348 1292487 1654950 2035854 1549996 34088 372135 368836 892726 650349 390203 479871 1593654 899601 1573782 1726484 359138 995751 1194718 333842 805695 332245 1913940 2081861 2046999 428944 997156 700132 1552745 207022 20647 986817 452102 409471 882264 998112 1048878 869749 1763001 1644020 1269765 799785 92520 149346 1973283 899691 439538 1699811 949374 958840 1684790 1368436 1260957 1910689 1141727 153054 720725 719895 2049103 898249 1729231 878216 1700733 106644 784562 1827194 275213 500333 1068751 1934933 1012857 1424909 1458705 1838284 982761 1277998 596095 1220810 501912 534946 326397 315781 74677 1183844 552317 1841439 878463 931380 246670 513404 1746416 1019170 292472 865048 1580147 1719845 1602942 1627669 1241681 2085143 385325 677311 1061266 1524841 1216259 83384 150602 90448 480574 877252 1615749 2021087 1887661 120417 971612 751876 477474 1642854 712245 1895631 520706 424695 1755382 1812174 686301 2064848 1349464 1303421 1386366 530653 122683 1413891 178798 1382123 1416888 815297 1803889 337307 1187642 223955 1882664 626635 1396761 1841349 888971 35761 1375711 478672 132579 1435681 1917104 1136735 682502 922605 1127421 342054 551654 1095095 135605 1160426 596293 1631141 893366 1531239 1040967 1775961 1673954 1685351 1175120 109817 649213 1689095 1438113 1914719 683426 1862529 806340 1442311 1901314 377868 1257462 1854682 1659713 437807 508568 947749 1019018 217797 1449106 442041 1638592 814037 1562204 1879418 1760453 1783340 631558 581035 128682 1705339 255478 327869 844486 1319725 1437973 736581 580563 1577339 483304 1031944 560714 542287 831029 1418497 903871 473072 1022699 95111 825233 1606846 422714 432757 418231 1399749 1868090 100596 813181 1043582 363409 1491995 364116 1228727 1908199 1917696 581097 519926 873883 856545 579934 931774 250921 596656 1363722 1083544 1096600 744192 1901829 1405283 527143 871268 1471352 1717672 1650366 1304104 467738 1155414 713342 1842831 790437 252134 599143 1298141 504750 38385 1531292 231411 494673 727758 1644743 452541 1886646 1502941 2029497 1228821 253743 1554783 2029454 608221 47280 1959905 772689 1298331 1346628 420336 1658025 1220509 70437 788828 1743496 897457 872988 198241 1107300 972783 1974760 59666 121658 438565 204308 1792671 1933282 1875393 873811 1959914 10468 1370230 1377919 589961 261690 815623 1940018 1598364 142673 921671 1180572 1112781 1716263 1568919 323440 1885208 303461 907927 1568301 1150179 1115471 1106855 885575 515290 1321797 1268568 1847156 1949113 646379 983127 936655 1835381 894899 1308432 1514111 381387 15944 2054622 133548 356033 284475 1886105 345188 759414 1327988 226273 1125888 994824 1768685 495175 1140800 1380974 1099763 835364 863604 1419483 734792 1576491 1891203 627201 1827043 1760252 400672 822322 2692 1502725 1789455 367052 622798 1282275 419670 813426 1027798 


挑战3.6数据(模数为48比特, 即2^47 < m < 2^48，16级，截位高20bit)：
312529 137784 922336 947281 187007 857477 800418 296767 889562 299235 165541 895766 276458 903238 924451 617807 990460 921151 136675 784758 1021117 355841 430755 333530 693229 464044 496203 993886 176995 181228 572184 224256 995282 738198 1012857 204537 757189 334150 131947 701581 222768 390150 414540 684825 920695 960885 37886 415606 294481 667126 796002 79495 350133 560637 794073 1033876 698325 470811 150157 406247 107966 969442 27939 89056 49733 1047658 872686 875433 798139 730757 217876 791324 238296 513409 695110 741348 438711 805996 651841 520278 41468 337494 394330 873845 142069 402517 890607 771488 481578 461016 397587 652348 289551 707080 610472 574081 362600 433105 866278 702329 991161 637432 638482 214646 133463 69797 475760 165919 886527 761237 607895 126347 661991 769105 1043344 164223 452537 536537 226243 414165 780691 996511 752050 91380 214362 88342 149815 913482 734323 745623 372346 235705 44009 548411 205485 225459 497934 144750 556686 546456 65350 685816 526444 762175 93826 989301 849453 508842 749639 774953 145384 949035 492914 15234 541322 877712 255546 269216 622248 142520 706708 337453 897526 1011762 555004 46973 334628 672124 7440 987464 332477 293890 198026 1015877 90967 931151 887270 1003355 765233 697137 345614 323653 12414 293665 11565 282938 1970 645619 782853 545496 105924 164423 682417 887300 687303 283212 532013 592137 909395 309804 706941 835011 84257 759521 206953 343418 843070 599212 252821 482936 257817 486430 1025809 433814 761965 533122 716451 638630 1035103 1016817 441576 959343 439065 655224 54010 528280 647521 271040 655719 743751 679124 747310 867548 175558 480534 365915 908704 486718 9072 957172 791468 504918 694167 648869 941249 413447 619836 350919 58924 915362 179487 396874 91000 963322 665818 785441 368488 32272 573261 548157 188302 961638 123398 895824 104419 259328 777730 975164 276864 508766 236939 92996 464792 233223 714085 760746 574458 449294 776585 995930 239133 409637 228248 651687 831214 386229 333044 68711 885709 718956 543770 239513 807132 731381 773956 103172 123325 566253 942976 654787 1002678 544895 838017 423243 338012 262167 280100 491335 1040196 832610 133335 142641 82255 510440 61376 563729 1045291 104299 659317 217492 594097 257922 808704 894076 746090 764511 87231 373841 945154 224685 167101 915375 138136 493023 115756 381858 390076 765967 1021175 131453 177683 135205 1040949 397078 109512 277298 419229 25122 25576 513422 357142 147099 235238 928258 1017775 638254 621676 188673 391817 832887 76927 333532 2849 613357 333663 662825 953264 666201 894274 556950 768665 825271 779727 708159 336002 938978 584050 270445 335085 70091 866076 383540 758999 456532 999751 219076 199878 240294 127889 690677 507859 33305 291641 501836 256237 611656 1037226 369872 959312 205876 624541 342996 441742 1025971 801657 116530 532792 928402 65025 355073 12040 350870 868050 71742 588222 220616 59970 629993 188273 266413 36466 483749 117824 405417 947796 929534 870568 782461 150460 394092 134243 888659 1004615 282565 520364 510306 802996 709093 500971 845020 981830 846198 970672 185371 299477 857592 680722 335746 798737 379955 215699 255805 729017 2147 844749 52382 922345 673329 721719 1012156 572197 12861 595420 907325 298018 369299 406367 152165 1032618 344450 1026406 112380 143682 722665 841507 117568 151130 682127 25567 97107 997799 177732 191496 347832 392562 575314 817704 977013 85007 854089 730707 13687 206767 528243 736319 513399 425018 800420 30921 987771 311329 483748 627954 558012 602315 582283 721526 338948 989808 1019240 1000064 50043 737631 445009 488117 109662 216388 577332 440570 567751 348846 407503 365586 814128 286289 437447 49462 480052 253657 1021201 16973 515169 438106 436636 386157 362313 348163 39223 689988 518601 605661 96805 685267 345074 323179 289885 108389 365660 517737 81814 422933 993185 129912 900766 54976 560250 409578 570503 143970 82858 232320 933250 984682 612096 56065 393263 394444 802849 354835 48269 266100 1048082 883692 345609 909056 638802 428103 1045159 687095 598767 266713 835204 713342 749943 816638 363377 155922 177393 393642 4252 491480 1031824 100210 1007923 352085 535613 1040912 143728 243964 1013788 207685 511916 657506 60657 502388 66053 846228 839704 592657 14921 935902 159133 598459 928539 515099 562966 316987 934106 656160 199096 358577 694557 143354 877148 44890 121698 357771 717861 553017 335792 335242 695482 390170 654553 622514 897336 564058 694442 344892 1046198 119601 608713 904456 181833 431297 1035582 84179 350209 261369 590265 542423 174587 786750 252610 629419 511669 963646 930703 572763 389135 690156 433197 870517 923444 1039764 785087 46471 556230 618998 988293 552856 985134 692636 896640 1017642 112630 49912 296291 364630 13673 945032 666625 940169 997673 849147 995125 93799 397603 761137 353083 340583 935169 521886 232528 203097 744003 853433 366379 598489 835989 337520 663868 281753 125795 400019 979408 154187 389806 33836 881321 534075 487436 52780 385158 128573 644114 714276 602378 382620 405618 135387 549600 643801 935791 493029 607024 578106 487679 22523 254883 553921 735653 969695 195472 421331 158565 901429 130173 539650 786930 470119 761710 657689 770192 281598 253726 702607 66631 350961 724372 251635 193424 746664 384134 282161 133001 738426 168913 510679 355635 663030 248724 384578 284151 231874 853589 723860 1006537 221250 717811 502859 89079 647692 402203 475488 152184 527407 590176 225237 86079 858182 827368 712968 152115 954474 714089 116777 434226 536625 796225 282784 208316 142934 30994 345194 127738 251176 733149 838558 203083 202298 996815 116717 353689 547625 685991 241613 969449 323862 439869 


挑战3.7数据(模数为64比特, 即2^63 < m < 2^64，16级，截位高24bit)：
1086747 4206219 4266470 8479271 11114293 14351331 6817730 13623174 1036012 10078670 12404394 5696134 12300128 11322602 2996601 6331665 202294 14488152 1288588 14316856 15378409 2717860 5982669 231721 799283 1074714 4534380 7524032 3459270 5361802 15879581 13488230 14070892 1329403 14486560 4420775 2914146 16042911 8904090 15927967 15345777 400995 15809625 4589871 12511756 4579882 7838268 15455252 11384968 15107800 9500317 10880617 8356325 13522136 16164736 10541673 9734957 16385776 14239202 10187084 1542146 16681624 1213766 14358644 9648244 9359349 226917 1303264 13515905 11620798 15262918 1279752 11863696 7947879 5210271 4612643 6621954 13200483 2279846 3060666 14739763 7218070 16173172 16441119 8880860 14432088 8237023 9459825 7600013 3798684 14759082 1692051 12239258 7607192 3524080 8226941 4097588 9477584 11372846 13728182 14511647 3898376 11907670 9826383 6596815 11199611 9576376 5702706 12663853 4598481 3139230 11166195 1705488 13650441 14268801 592165 15303352 11793295 5430812 6757708 13641048 16669681 11950165 13126636 16537971 8078802 4641971 9816026 1574105 6462203 1415421 11174338 2739061 16285770 8703965 9588997 9343788 14852108 13304771 3556580 4559347 4462604 1018251 6885227 15447413 5854221 15906384 15427898 5801073 937431 4281982 13305996 11292928 4046817 1161933 8032935 3713502 3204731 4814595 6708133 8263659 816827 2355766 3125381 14103856 10590311 14201553 3846583 15558935 4607731 3875834 8960458 11036436 6351570 9936592 5774266 14177786 2899868 13991321 12084646 12525639 11171039 6661659 3944708 11167930 15139629 8719650 6825536 3690680 2025144 4898463 9342076 11356685 345711 695044 13158960 8057393 957318 8589236 11990368 783711 13146349 12042684 6326152 4057040 2295097 10375460 9582615 7797248 6226237 14606879 7552073 10194961 11402331 14045849 11034234 5067047 7501287 14254914 11681852 15587978 3007509 5012153 9057631 13210397 4091497 1390783 16319041 13539597 836093 13996691 9060329 10121602 4432343 7916499 3078005 11620690 13868419 9933068 3187308 15990696 6657385 14300615 3015912 4152520 12936492 10296148 1180990 2638995 16414282 10681420 7345238 5034032 1267261 2750345 15022909 16769388 11118581 6277154 8606361 14564307 5012053 4124515 6802440 9678538 10451605 4533121 9028862 15834637 12727431 1777233 3387006 15740011 7296521 5749668 1804655 138429 8372390 2543767 12340120 6707338 13244076 12202391 1206151 2536508 3743975 12028660 9131337 1110791 3591075 1116882 12795719 12997512 13680659 7120819 12956088 4723149 14211927 9110088 7168895 11816035 6135613 5542468 11799032 16083801 10234652 12458190 10297174 11334773 13240232 8478617 7586148 4726533 14045585 9067513 1130213 9995768 2557751 821219 13815374 900252 7046089 11101328 15377054 2927016 7101686 13094927 5441673 3052677 6260762 12727 519410 12785843 1833030 14036552 15972541 10752129 5926702 15413768 440615 5751284 2889979 10211043 5476647 15066908 16039545 1355434 16265452 10412811 13944452 2327937 10927097 11100953 14842235 5749890 4518474 11398860 6213943 13127355 8228842 12980125 13431286 10838259 9626927 9063570 15507838 8277026 15147860 3147834 7074414 15407263 4759735 3741391 7349616 16679833 5326586 4469605 5123074 14900882 3074466 3819908 4786539 13539577 6481847 12368961 7593953 6264991 358284 15404182 10439306 7980011 10724517 9013557 8951742 13748873 12089549 14949019 5956756 4459001 875933 13421043 10762067 16145340 5847450 13916639 13219733 15177386 730369 10593556 9352314 10294886 1069746 304786 2705008 9163176 7163074 6749473 14061948 3735847 12259388 6819122 3556967 8685392 9902666 4526048 14553785 8737857 13070053 13625266 4520941 4296105 6634966 3035658 11936425 10302914 9722591 11095194 8012556 1606344 11944239 6773366 693925 1625898 4613453 15983693 7261914 4386021 5172307 6660429 12397783 5945028 10191098 7099378 7173969 1982243 12813137 2365488 1306233 4656122 10872330 8940340 13053144 498308 2394365 16635545 10871520 6503261 12413159 15760736 6777644 12564836 14799949 15712821 16051042 13172498 6390347 5427660 7377471 10537694 8950833 8350505 9224662 7229070 5785029 16768023 1601985 11538285 11563045 4996035 10877425 15881509 3236255 5567792 15448389 13376738 13741969 15662448 14102172 15573845 7469146 2027395 45131 7861343 3235835 11080097 3991633 2010655 12644288 12449468 2876718 15491293 8685771 7582987 5766319 14121769 3582884 5722900 5229523 14712967 770727 6803064 8690291 2888810 16343734 12956719 438871 5081673 12022357 9870681 3153153 13551845 7065020 788551 11009445 5499254 14067368 10024244 4171096 4985799 10092826 2479299 12791228 4517229 3207589 14077765 2359167 15982774 6401160 5091809 12055231 9949685 4458974 14688242 13531064 11309456 14410607 12461863 10140590 2369698 5430817 3835041 12523051 14058641 5129051 11425236 4943835 2152670 506637 5258398 6948641 10896414 2561385 12143161 9919416 8517782 4120388 2731676 5496844 12576470 386682 3519717 7580686 4054719 4876400 13558259 12057155 2688785 11465431 1730927 9769259 1344764 5335452 3058150 2208908 2184280 2050218 606754 1173204 7533088 7199220 16080406 6618112 6727593 8982720 11676378 11948911 1111319 10332961 5646557 11147195 789110 11210083 6962593 14503151 4472487 12106405 15015419 16545266 10527477 8606264 2571430 15361095 2692384 4460830 6079303 15359707 9514749 8230386 42259 10195403 15801958 16270899 3230846 8698786 7110824 7220928 8041642 6910961 2398209 14139665 782556 13811412 9400417 13035278 6763665 542317 16668759 5512761 10965649 5836352 3866608 15879532 12342850 3307671 4009974 9043169 1707135 12281968 7286720 2223933 16610717 16651303 735025 10585229 3902422 11544704 16648606 13391029 6810023 2047762 3980665 14493193 4872834 4082886 16136137 16732724 9422608 1135388 15467492 14936586 10264616 9151806 7456342 14440392 13739502 13994300 9770082 14949374 16239677 8004168 15544412 12221896 4807394 13201752 13752149 14728292 14884916 13607087 2444945 5120728 10520467 14701662 563067 11746785 15533941 6646142 9923111 16289268 6923313 14749622 2354017 8567644 15948988 4690701 8445847 14284612 10429781 11443575 8159625 4798679 3192347 3272730 6235857 7832785 9628766 10751563 5048847 610264 11494142 3149107 9307719 14459574 10066570 1787376 718907 9423124 522394 12172536 5340294 13844930 2163343 2673885 10005737 9236563 13247382 5310495 10339360 3904710 13390346 6803671 15316298 11051233 1283091 8486020 12097635 13023612 7856425 12978990 6540787 10401309 1371501 12726946 15954865 940611 8171786 16244126 812461 11939300 4844169 12448233 9496212 6220422 13912569 13281631 176445 14186014 12982162 3608477 984669 5662591 13973902 12242767 3589453 13057728 13035083 10506053 11136716 11631348 5500115 5003457 14360648 2856518 14501318 15314123 11774991 15280294 9531844 5247589 3187690 14457039 4578069 10718451 5111264 844764 12933996 5190710 5780392 5664258 8671172 15832027


挑战3.8数据(模数为64比特, 即2^63 < m < 2^64，16级，截位高22bit)：
2923542 1556324 339890 1285191 1561866 3251580 2244646 95078 902042 2368388 251749 1819016 957728 2808753 614810 3029398 4085998 1311211 2574698 1574225 3529755 1938730 890978 3050870 866150 1707521 3047804 2338323 2616269 1676840 1695630 3458852 1809313 3034234 200991 3755422 4192296 1025040 1707402 3286524 2919360 2538141 978859 1297868 2330516 3894272 942196 2185151 3348999 2112969 3201807 3051879 2061215 1548822 3826793 3668867 685385 2557759 310283 4061578 145422 1660880 1059789 3702246 2256648 558566 2426451 3075832 1348736 3184195 3588291 1386739 3552389 1060701 3415161 1442559 1942422 854554 2530644 661662 2390128 3637673 529679 2041095 2097260 2404045 2676641 3016550 3138682 1276361 3350502 1466929 2296943 2973977 3869526 593813 3392998 2135602 179000 2763291 3969237 1574305 3670304 1415966 2822492 588959 217959 3110323 1432451 1938452 3494239 323154 3302869 1044943 1112085 3715256 3194476 497618 3248445 2268621 892885 4124926 1548752 4163464 1676872 1526047 3366711 1046792 3710334 2904879 3537858 610943 152414 3891171 1880237 249017 2835240 2141322 3186473 316063 1409468 4007161 1163949 2484566 1242783 2307201 2259814 960780 3403343 1274594 3988564 877412 2102280 3982527 4016940 660980 3477503 3887148 3133637 1513272 2432238 1469429 2563554 827831 2227486 2388454 3497448 1858619 522121 227018 1794354 901350 3375853 1321377 2775163 2257005 3473718 2613692 2684406 321551 2240860 2662467 1606600 1423609 1046691 2741811 1979930 2546653 1036838 3244509 3694964 2832621 763772 177953 1725896 2738736 131362 2903520 1461738 58056 105664 1217980 2045716 2282833 2680347 1671393 2710639 642643 1442520 194244 1863921 160275 355976 2058939 3831826 1192269 2261071 280268 1839032 1187117 857741 3217173 2900784 1048955 2095232 3316401 1772723 4116608 4150664 1428096 813097 2616793 3093160 1197203 3456781 2016265 2945031 3152434 2950514 2099976 3135237 1418978 213524 3676646 803529 740219 3845052 725464 3706040 1103550 1886706 1683216 109285 2158610 405588 803737 2047540 171884 2633914 507026 3701090 2413669 632637 1127895 1441878 1402037 2575965 448665 2558645 4161109 3347015 1882310 1419991 742140 2799733 48313 4134775 2647606 1187434 260954 179273 1916885 2378076 2567247 1510331 1669189 2433653 1283716 3429730 49150 3364036 1725444 3113788 1639567 3209889 2743789 506689 591405 658816 2531178 3845484 525156 3355608 2999363 1588625 2912888 1158317 2427436 675851 1300972 2484469 3751970 3927979 633391 8643 3530801 1653288 1411870 4092534 3442967 3113997 1687314 994189 1601274 2078552 1822019 2715776 2238790 3208792 71071 2560596 3706331 1906051 3835966 3843733 1896067 1609064 4138549 2964185 791036 2418987 159051 1873781 513630 3507924 113596 4061968 2972040 2563052 3629237 3193222 2360467 1478056 124452 96154 3123730 589224 4127262 3709304 1555280 4150819 758355 648925 1016840 1904277 3618665 3859447 3373857 3197716 2978029 2740770 3436107 3408990 1510578 1843493 626364 2337931 405760 971 1858107 3927694 335936 2683326 1863817 4169359 2220987 3341204 1312690 636210 2965800 1330374 884009 784861 235948 2631804 579933 1593583 1410278 1213510 980621 2893322 1829355 3012879 2979105 913630 3494319 3684290 516937 1943661 1019567 4187126 3939505 1955671 200705 2599368 684226 345782 1263324 2535700 2648182 2707973 817519 1277150 3173276 1428227 995159 3255878 2852792 1740065 1403031 757275 2854978 3308725 740061 2728832 1779652 3461210 2905996 2614614 2815586 1106654 766833 3497795 1459330 2118598 2673156 933216 3033178 3802312 1242386 3365742 2344405 2913973 3714478 2981825 1685105 2756657 2549236 2427981 1781456 1762360 2033021 2738176 2314014 2848467 3067029 616710 536895 3276918 333546 4035567 405694 3406580 3261332 3605182 3890903 3957988 1533425 4161310 913652 498357 3673528 2630306 2601971 1412945 2816245 2557840 2660660 1235894 4074875 2197222 2076458 144552 3782827 35918 592204 816820 2811956 159627 3562895 2155326 3865940 3269841 1566694 2804057 2028213 1568101 2794169 2742636 2666443 711515 1694750 1517820 2813390 195692 2059736 206825 1574623 3213551 74216 3922476 2233702 3981613 2682231 240570 3419665 194441 998999 399357 3388050 2462442 2857024 3209066 2003530 3166505 2653178 3514462 3638952 1858579 3091459 1211328 318479 468829 838719 699452 1063195 674 2800898 1279937 394725 692044 3869541 166479 782837 346865 721707 642456 249960 782844 4075928 3714937 1314893 1153301 2777580 3801996 462666 1947124 4027871 3997315 3618568 4009661 2580733 1151338 3753816 1304560 2279216 2556360 3946686 1943538 1143918 1629940 1419793 4024692 385331 1686299 2122710 3947303 1412976 3148122 3606717 1552934 2178033 2742355 3198821 1636565 3963171 625425 1248226 2702939 3739759 4105430 2124309 729970 292815 2785638 2386445 3981523 1921951 367552 271378 132076 2967599 668863 2020651 3758679 3713447 1293241 1690746 540274 925982 2472971 2745940 1795909 2976901 3746223 2599654 1081407 2745516 2720376 2749157 1253169 456826 3392547 1181652 3821199 2037347 2266829 2072329 1039863 1534032 31074 3180166 2056087 3659717 2718086 2113159 3226382 791633 819818 478888 2292009 1260352 743973 1983020 3493933 3421422 1562385 3592463 4093608 3748748 1196927 354391 3766730 3140205 3852909 3327230 344649 942700 467794 2204389 4043106 1477466 3264611 645752 1142656 3281339 143982 2701904 2560293 3661238 3873777 3356961 1222619 65289 2472430 2349348 1871973 2256680 1072737 2800774 1852532 287594 3550569 2841459 1401028 3082938 1981068 235240 1555487 846716 196387 4049371 2832411 2519105 3255551 4014865 2108910 3510276 1174507 3453423 947657 1062886 756165 3632943 2678672 1069665 2405064 2282524 3332444 1885765 3106918 818122 2378434 561855 2565798 2274421 1002084 463978 2655002 2077039 2592397 1240708 959516 1918648 2363903 838245 1148111 3803204 2176206 4086450 74036 551053 2881154 3186416 792069 251725 1124531 381762 1662595 3653530 3401909 3740072 3990729 4135700 2254184 2777199 3824810 2473473 98638 2625020 3785943 184443 1315888 3837285 2538286 3782280 2836673 2308542 4010662 3471814 3689684 1325469 2618014 264950 2623517 1970563 4070145 662147 958899 3739406 317903 2786826 4166876 3286401 3813453 3554132 605650 3314074 1819298 2487051 1905872 2469389 1665440 1346376 3432358 2489130 2330610 1406341 3733574 1812276 2012406 1989351 4001100 1934662 1806818 380441 528742 3163374 512280 3361405 2470297 847840 2100732 3700957 3715641 1611671 3861585 3478404 2686162 2201801 2124109 1064194 89414 3727852 2088623 637867 839343 3610624 2742497 770517 1054590 1821392 798065 3004472 69769 3294649 1921782 2835433 3533948 4161896 977989 1806587 3557010 1815649 2883241 17711 3851593 706832 3656924 863701 732637 2901649 2164487 3751458 2211974 92402 683374 1585922 2206305 1803601 228660 3486510 2792274 1985198 727354 1737235 3948184 2498564 2110862 490078 2020312 3862992 3496639 2616026 698988 4070737 1578841 868537 802134 3655179 2267207 755452 3889757 2148829 3207292 164668 349313 459304 3973263 761309 1641978 1515700 954333 3079290 3198453 2929689 2230254 1561182 2631088 2121269 798930 3491999 2948072 3279062 3299576 1245111 1590606 1059087 1567885 1579831 1613114 1956907 2637126 2228145 3310178 4177703 2057571 3304222 973807 3663913 1876891 3839333 2731944 3688230 52047 3632277 1121687 2636717 2871860 2630566 3979660 2883641 160396 3001800 1046365 1502751 638684 3991754 1521861 1197549 122802 2243406 3182178 4033823 3118685 1943763 3127457 3693891 758950 4079100 3719743 3750705 1753875 3539482 2637184 106516 1413874 3074708 202847 1935826 2104443 1794581 2415323 1223880 138195 3827325 2196131 2923543 2858258 1220975 1962838 2923489 1314104 3692580 437185 2469897 3087095 375517 3062903 1997391 3384827 1476208 1882810 1272969 366192 2443226 1361624 324611 50035 1760347 3598701 52809 4002390 4122464 1705055 3570538 3949009 2994298 2343778 1237769 4084682 4030195 529526 1970018 2433269 1555008 3986768 2091430 888040 2737505 1740734 3872551 1696393 3015957 1937085 1661139 2692352 2412398 349504 4033502 2846297 1740052 3116240 866038 2348076 2459920 2501245 1171591 1550980 2605736 660008 2827289 801583 1921287 2426216 720986 1795815 2644240 3066511 510879 2742492 1281520 3218893 3102663 1070347 3045968 2790042 1328416 2416056 1446977 


挑战3.9数据(模数为64比特, 即2^63 < m < 2^64，16级，截位高16bit)：
5287 43893 15595 15406 55708 46456 61362 27428 56688 11532 47027 51945 35408 52389 2890 55800 37509 45181 57171 9708 58709 59114 54967 62452 47732 62198 13128 57287 20912 38622 32628 49539 5722 52987 28504 32808 29484 64658 38633 8466 5786 42217 65479 27544 16267 34832 647 20726 61838 31864 31821 44622 60363 34773 47195 11124 51421 19118 51062 7001 4221 53275 60788 13149 47305 5897 38317 62364 23671 11146 31393 35034 45 7718 9266 11872 30927 39146 35440 49169 18615 44146 9877 31900 52888 59544 55656 7252 1668 30072 36597 24557 1787 33051 60424 37086 44875 10547 17128 12777 48599 5102 4269 63014 18536 60663 37373 40522 52997 42887 1141 15000 10290 40959 5536 17630 33026 27363 15357 59888 58190 24557 44289 13447 36112 33982 24082 6871 49716 22369 13896 4382 28361 50887 9759 24935 35335 20015 41518 60372 59273 43427 41187 51478 27856 46755 62319 61495 12073 44181 61942 41482 1585 19247 46432 26935 23177 14819 31553 55316 47636 4652 3236 26254 54886 36521 49721 64167 43538 41767 29873 52298 34467 40909 19229 32144 53200 46873 30057 51524 22143 7197 46644 38455 18001 14918 28816 47697 28606 18230 54340 54517 14388 25049 61418 26401 39904 3302 63713 42057 45980 42503 334 49732 19444 20088 3842 29649 17691 19021 24810 8791 65139 43765 61310 33634 46365 64409 24721 34651 61695 56427 39899 21746 24600 365 51132 64969 16003 63379 7954 9097 46839 11459 14735 8013 22672 1796 25800 16943 56985 27570 38533 57899 64603 981 53805 31033 63051 64518 16736 58415 46570 52214 51279 15688 62789 25366 34455 48752 11883 58091 54901 33740 50643 46786 29224 63375 979 64850 54023 65450 35061 31017 46365 32674 25351 57411 1266 64483 49524 59831 10982 55986 21481 44614 43094 46327 47261 33841 9874 2880 62735 39517 12754 60435 19660 6769 796 59051 35260 8879 10577 52834 53236 29970 25118 58221 10308 27455 23411 24594 44734 58055 30544 2650 27491 9396 30286 16071 20594 7564 47651 50568 17680 46128 19069 61945 21947 9577 26195 17416 3833 12675 30824 55247 11588 14415 7836 40505 17518 20372 44433 14852 62417 46926 36270 15547 30701 36542 52894 18197 13020 31708 25321 40695 25566 28262 1345 59971 63882 59067 38485 48494 39524 26615 38759 29020 12293 29937 14501 52014 54505 39208 6980 17453 61538 12962 34169 59458 14208 56289 15158 61173 43253 19845 9801 24217 53551 46560 43370 21992 16712 50454 36796 8553 55317 36213 8989 5916 59385 13264 60822 10708 26710 32676 10641 35557 55043 26045 6711 37333 41821 4137 10642 35281 9374 26266 17839 63708 35246 55782 37387 27706 6997 42921 12347 32038 14861 52289 60322 26446 54078 4535 28218 52966 51227 43319 63996 21072 28530 4838 42417 6923 55408 949 34919 13876 6104 33319 34866 43073 55813 63440 65217 55263 20584 17033 41395 12547 47326 5743 23524 20801 30658 38311 29668 13100 17138 24577 7067 14309 33296 5554 45389 43816 43190 39242 11004 65486 9737 14432 39660 8217 49110 35515 31310 24754 7048 2595 62 23402 4540 47290 45159 61066 6909 61008 34636 30239 45061 15266 2586 16171 41869 47029 63208 33123 20120 20445 16666 29228 19544 61241 5600 19380 5492 277 37789 6819 920 41651 4941 1193 6953 33385 51565 15974 41560 61648 51725 52559 53905 48546 34214 50890 60794 52752 2147 56612 9115 12244 37866 30444 26346 15880 41720 58435 30326 26758 3792 994 30066 13230 1705 55278 57461 103 42604 57480 15171 12400 53475 16270 14679 62086 5217 40301 27622 20481 23464 25842 26335 17845 86 24788 7134 45838 26749 64030 30611 48572 37025 45347 62600 15674 51254 50046 34906 46413 36600 26624 61774 45844 2605 28320 47964 8523 9431 7993 53793 18181 31671 16832 6422 22555 2262 58623 31374 21884 63058 11422 17945 60091 59755 16045 63777 65304 33762 30813 35037 29753 27483 9450 59025 38143 14930 53182 64187 18211 56386 4462 51556 42414 38342 45356 13901 17649 15975 20105 58414 530 42597 993 1135 49627 59402 12941 56699 12022 44185 63664 59739 63221 33688 35353 63911 56682 37428 14653 40072 25273 60649 35131 35459 16449 28081 3322 57466 10087 15995 35590 13799 11898 41374 41762 45067 34687 26176 9261 37493 2080 44429 22248 16524 13397 62941 34612 62211 2329 56090 16717 40910 50760 43783 46859 5056 51071 55143 26214 36464 52244 50223 57813 36115 51466 12567 14384 12591 10945 35199 27704 37563 53332 55826 44165 20848 22306 56684 19147 41826 65287 30463 47273 6609 37790 43279 30790 25445 18394 24377 48426 9622 60318 13692 55280 58504 62934 37748 61344 26584 21314 15348 24103 52602 13613 39370 54831 61980 46092 3989 60277 56419 18188 7726 64243 27081 52743 46207 52683 52693 5180 15433 28017 50374 20122 3747 58711 37609 17951 63252 44754 14970 64569 31969 9004 8776 2358 37005 14488 50284 3847 60897 61630 36295 35677 906 17362 63792 13443 34127 24357 1143 63111 56255 38476 26705 39991 20154 46601 5802 28772 42783 62473 49593 42140 16051 40267 64678 31921 14065 31051 2478 46056 2749 14963 48941 50454 14526 49773 22223 46429 39075 46330 60771 13771 65532 31537 49812 19554 12879 62211 16861 47026 11984 38504 15258 43654 53482 11106 31361 4009 18575 16850 38763 709 15030 26650 12871 3376 16233 27834 7043 64477 18737 56096 8205 12305 42137 58632 512 4366 4460 35797 41580 52443 8588 51012 52654 20959 50254 60188 20603 42745 45640 28399 62182 7272 48071 23064 25109 24001 1813 51231 23256 41442 19794 41989 38729 46291 20709 17565 38769 4948 10334 10461 9819 53866 18860 63159 27905 26900 34437 64946 5874 49581 9205 22916 40842 61823 36955 15471 18626 3327 18041 22049 52550 45891 38960 31475 57854 31145 6147 47291 55143 28111 29379 42428 65019 49570 54228 39961 29562 43969 50389 53887 10634 3165 37758 47909 4133 21453 43151 26333 7257 61858 4967 50619 13180 4292 53243 15141 54676 27382 27854 42518 59374 7842 54559 6911 6180 31908 20453 9884 22612 52201 11108 47222 64618 9286 14440 28047 57772 29525 64520 49930 55140 13863 23373 56500 57610 25130 57032 53149 52030 43046 38810 63255 31544 45631 11578 29634 7709 43218 59703 42368 56702 27765 42864 19773 28529 21043 32891 55353 34062 48536 26415 17143 52084 13282 38725 15731 20993 61567 48844 46351 55257 40955 49951 13884 32600 27246 42354 818 25038 21143 31600 41256 25689 18744 40304 42079 34275 32573 11232 47438 41037 61357 63191 5044 45846 34883 36241 3863 42857 30677 25390 42928 61151 49167 65082 49908 59034 61584 32229 27963 46114 2488 14728 28197 14219 52781 42137 23705 42006 35165 38843 23063 27808 32258 40331 54095 25988 19724 57088 18532 41066 25801 54557 61842 19802 43281 29240 30316 28570 17093 20500 21924 55397 904 64322 49905 53083 18367 49741 51006 24019 50438 19237 27004 35233 56922 49525 46012 27716 5415 43455 55615 3697 3000 36733 1803 30546 55078 3818 20382 26599 46815 13398 64953 58232 2471 56186 48832 35524 40225 3069 62245 56742 62334 22200 22097 22650 18284 21534 32114 11571 9435 20470 58460 47667 61646 32327 7200 37740 39488 60341 54836 48008 61478 56327 39560 59381 18263 44183 62460 42073 43431 48739 8458 17601 17444 3268 58488 45482 22747 51068 56162 14071 50647 52044 2449 28025 15714 47633 27555 51490 53191 7465 30084 28384 56172 10129 16123 56259 65112 49775 30296 12274 10844 52012 38780 60346 13009 7627 26056 8231 61273 41230 9248 29771 58318 6915 16816 7500 48887 63233 63053 4184 9033 43170 32945 36321 48817 57875 26039 15616 40144 15023 15428 32370 62062 61506 53642 2512 60392 32883 11407 34124 38726 4091 41175 17756 21447 764 26237 63182 25224 52072 43211 43541 39832 17025 21399 32532 2075 30104 35538 38796 34337 52008 3805 472 14129 30490 38847 61131 5078 51651 51332 55627 56927 64883 23533 58163 55929 16698 38537 28414 7850 9991 64366 48197 35119 47213 42503 36202 29876 62583 62509 47653 20566 48283 4803 56024 24097 32677 38511 62392 25493 23161 13863 36911 40034 21547 50801 41721 37455 54686 8798 25605 43659 55110 25054 28365 40123 19388 20957 12287 10104 12130 40294 42210 48287 23596 64446 17806 6285 14934 3796 63212 6668 20120 60381 52130 52677 61645 14672 41535 11848 16589 62152 9001 28048 43579 61291 48619 30373 17397 50821 45975 50185 26670 11538 20408 47985 17734 59776 21467 53344 54496 7570 19967 53775 40246 4718 26872 13995 32737 48862 42526 63355 53235 41352 21113 50033 57831 17030 8698 34272 56041 46161 37214 33815 31641 15086 53712 25695 49987 38662 47120 59740 41871 12610 29078 39356 3066 39340 63385 65118 57811 7613 48412 44894 60873 61863 48337 37134 4106 35128 23636 35474 14830 45524 3559 48729 15334 49873 61055 23861 33080 38745 3387 29986 47232 7851 10135 57664 29909 60689 24965 8157 55157 23559 61175 54397 29281 53027 46147 38253 12933 38016 53758 32004 62719 40435 25516 36324 15153 45575 6981 25897 4180 25285 42203 1401 38877 37984 53936 46406 7919 19942 23152 25142 12936 19447 32263 45248 12374 33437 46771 54440 35521 44132 62184 30103 38703 17781 37144 56202 46623 43516 52516 7247 25451 23585 52489 19107 64948 19875 65234 4483 12770 22087 47653 2662 33112 53468 38384 27320 59713 8821 13593 21908 51644 53723 44780 28890 48572 56485 63785 32707 43199 30359 60798 62887 30182 25993 12486 50876 58160 40372 60491 58226 7512 55467 59636 12146 61874 9657 18618 53361 62806 38000 33821 7295 53283 55323 7464 61216 24138 17022 44203 18108 15568 55065 62902 24301 44152 7708 28982 60476 12962 37652 49577 24027 55959 42638 26715 32213 26634 33364 17538 23384 59706 59451 17781 16442 11879 32320 51670 24851 42642 18753 62521 20470 50428 41811 31987 46822 36058 29548 6017 33656 6954 64027 52629 5268 2428 48683 20887 15501 19896 24308 39198 30166 50513 27413 4354 22699 25663 23841 60664 19341 22456 20920 2226 24221 15845 33579 12459 53232 14304 65071 52090 57539 56054 29462 50655 59091 48992 43890 5765 22977 47952 39926 11531 13312 42133 10176 47379 60796 20488 11030 29199 37008 41680 25200 11359 21484 76 35292 61121 1892 13828 64412 6760 49972 59204 11811 63451 35934 34739 2488 7871 53258 30745 33749 29395 37415 14388 35032 19273 36734 33306 43132 58154 33066 38452 15148 59019 42061 14029 5146 51949 21971 60313 50960 57722 22825 62889 60063 19790 2064 23477 12071 40218 42270 9154 35384 6237 20629 41301 40997 46580 27255 56138 18020 64989 6089 11357 9190 49688 52440 33660 43234 8667 43719 49216 65004 17980 9632 32636 18522 24854 6532 24519 41865 54271 61460 38083 40451 58024 5987 44222 36116 2219 54487 33585 59888 58832 49397 2412 46504 34049 731 53290 22867 25704 640 14882 30243 36973 45878 51935 9907 14253 30843 58725 23718 21809 24594 31977 16345 34034 37989 62108 15624 11554 59668 25780 8988 49082 55247 16878 44741 16409 34141 24309 52751 54503 62131 42273 55240 29884 40081 58567 17275 16012 58727 16245 11762 58320 55118 17131 58343 25440 60879 60399 29581 33317 16287 29935 45457 32872 21539 47882 33948 13853 55556 41014 39661 31319 23141 19715 7623 60030 41660 25828 34808


