163
73
191
188
66
91
50
64
255
159
133
245
197
112
234
92
234
107
123
113
88
87
92
67
9
255
94
136
113
251
197
169
158
204
167
49
47
112
42
120
152
27
182
253
236
160
171
163
26
152
61
232
117
55
242
94
5
111
202
53
169
98
222
67
226
48
239
130
138
116
94
228
149
187
105
89
106
51
159
163
28
210
221
75
23
155
115
97
58
201
77
113
137
144
253
193
193
154
210
76
221
21
4
93
252
232
42
180
134
70
101
245
231
13
212
232
155
170
107
147
140
53
248
114
249
37
42
42
202
229
0
1
57
244
121
57
13
160
99
116
8
147
229
21
195
153
72
102
171
111
46
66
135
70
44
156
145
107
137
254
175
82
146
17
22
164
72
31
71
255
70
167
133
172
171
192
37
65
231
79
