6
128
37
62
100
38
60
124
252
6
10
35
101
14
45
142
63
66
183
231
177
43
56
242
1
71
14
190
47
12
221
105
7
28
36
136
231
75
135
131
152
64
26
57
128
157
98
44
196
44
137
91
131
214
225
251
153
158
5
246
103
146
133
131
162
35
41
61
156
214
138
19
16
131
234
154
203
218
25
120
3
205
73
185
110
190
153
109
243
125
170
85
123
24
248
167
200
159
158
79
254
1
110
77
55
131
157
213
108
90
178
243
208
146
237
235
136
53
231
242
110
188
90
241
193
235
229
215
47
121
118
236
4
186
187
174
147
189
134
248
245
60
207
54
64
80
236
26
212
91
157
0
153
181
200
203
158
123
153
156
