83 228 17 196 219 141 60 190 185 250 177 22 139 210 220 158 230 77 34 48 14 62 218 244 84 115 61 195 251 141 194 171 127 61 208 232 52 33 117 15 232 133 166 97 196 11 250 63 48 197 231 6 207 124 201 205 105 47 105 28 184 203 208 234 34 249 170 157 245 65 75 200 2 236 212 181 18 130 21 77
90 228 218 5 175 163 165 197 133 12 109 99 82 200 151 159 32 208 179 83 174 115 209 38 199 235 86 16 124 251 89 176 22 166 154 102 181 94 167 150 16 95 223 208 198 240 169 8 74 53 66 147 238 210 35 113 61 159 136 26 101 159 17 194 205 106 224 203 161 87 198 25 3 183 67 36 229 18 74 175
108 164 207 3 152 48 129 160 158 90 106 33 146 125 38 166 127 221 125 78 181 125 192 92 195 243 251 27 250 8 136 253 198 50 103 213 79 78 23 170 41 241 76 171 240 206 224 43 193 192 119 45 132 117 175 180 247 220 59 51 156 169 218 96 191 86 155 54 34 109 79 60 12 1 172 145 86 198 198 92
36 58 247 55 34 248 254 189 243 181 96 75 154 41 238 210 160 17 218 96 75 209 8 214 107 85 129 202 242 34 191 255 65 252 18 132 219 224 52 110 122 61 39 172 254 237 164 231 209 158 192 151 42 125 159 74 204 136 8 155 117 27 105 30 227 176 119 142 241 48 126 232 21 32 203 121 185 11 64 168
233 154 145 45 113 131 135 9 191 50 205 133 113 157 23 79 197 101 73 29 152 44 125 47 158 57 114 176 1 139 56 216 251 140 156 236 73 114 55 182 198 134 252 117 42 205 186 198 75 218 40 211 159 202 36 155 6 20 71 60 153 122 219 15 157 22 188 145 68 217 139 248 112 56 108 203 202 81 103 85
173 24 150 4 252 215 11 182 56 151 86 156 59 28 24 144 112 228 232 223 205 187 222 124 248 60 118 176 200 63 12 14 22 70 83 113 3 241 27 75 10 186 84 36 85 182 68 246 181 71 207 189 145 121 80 234 108 111 176 120 204 73 110 129 177 213 210 20 51 156 88 48 194 191 147 95 197 247 104 95
123 98 149 217 156 55 97 53 38 155 83 129 176 247 149 111 103 40 178 182 136 119 172 68 82 118 47 9 98 85 158 175 127 27 51 77 29 220 41 101 169 91 20 69 180 225 97 120 172 106 224 240 80 60 126 174 146 35 78 145 73 51 105 11 203 132 151 22 87 13 112 203 224 14 235 237 1 61 128 30
81 105 1 142 87 152 179 66 237 202 23 126 6 138 31 221 240 129 85 38 185 152 101 106 148 137 84 168 131 64 236 216 14 52 50 81 31 100 38 114 57 33 248 124 34 51 155 148 50 11 120 93 2 65 171 210 141 133 255 192 129 33 100 52 132 134 94 32 137 41 102 71 23 239 112 120 149 74 136 95
49 178 161 104 163 200 225 49 63 20 20 145 219 234 194 138 249 242 168 134 130 240 96 70 54 115 219 82 87 81 209 16 190 145 59 125 222 236 199 118 87 39 144 168 38 187 115 101 35 238 98 5 203 36 101 253 85 0 19 216 204 252 121 230 0 239 39 193 7 197 162 203 65 101 220 126 81 38 34 46
194 76 42 246 107 59 13 115 131 170 72 21 202 76 10 249 154 222 49 70 178 181 82 186 62 179 168 111 137 200 62 10 204 7 87 245 239 25 80 165 99 190 183 66 181 83 106 21 177 198 207 194 103 17 171 130 217 221 126 155 61 13 217 45 144 153 65 24 84 99 3 231 52 135 0 52 142 31 128 213
232 83 70 6 16 144 196 61 72 0 114 65 203 128 135 51 140 189 212 243 68 172 36 71 221 226 70 20 71 205 154 17 159 152 250 137 61 238 39 190 211 237 176 70 172 188 185 95 157 35 206 178 154 13 254 255 159 211 103 58 81 244 35 2 199 84 241 191 202 13 243 63 148 32 171 85 112 77 108 30
251 193 228 136 146 240 26 8 160 80 73 125 238 224 225 191 6 134 143 123 44 78 190 22 77 33 226 243 151 190 78 71 100 158 214 73 162 36 118 31 162 31 9 227 63 248 201 192 192 93 204 112 169 16 165 77 162 127 197 244 40 85 115 210 159 127 218 247 45 248 231 235 249 194 125 0 219 60 161 101
102 18 106 197 207 88 164 9 66 183 97 212 4 6 205 160 98 29 224 158 129 217 66 157 109 34 198 248 183 232 110 6 32 37 216 128 193 51 135 114 196 55 75 51 6 207 199 68 251 175 204 182 224 203 240 5 77 180 204 186 40 128 130 68 185 41 255 84 7 11 171 208 64 28 119 74 13 229 89 157
221 129 211 164 243 88 209 195 66 110 151 108 34 155 6 155 253 190 17 71 155 71 209 196 99 128 105 120 123 96 200 242 138 199 167 40 201 193 195 26 93 137 20 129 50 144 4 1 168 79 79 122 208 110 36 29 238 178 63 176 112 43 146 130 143 46 94 106 221 136 255 242 101 146 194 204 246 48 13 7
188 115 251 5 153 61 242 233 205 151 76 113 76 231 159 65 64 71 67 54 129 207 7 21 66 212 131 247 11 227 41 241 105 183 85 21 125 22 194 109 58 39 65 213 159 72 210 252 105 35 183 81 82 19 252 3 81 91 62 165 52 81 93 225 186 104 46 167 169 7 53 197 18 123 118 108 204 119 127 106
219 200 221 90 228 45 25 144 24 206 59 216 113 81 136 219 71 193 162 5 66 83 107 36 83 87 209 115 66 170 208 160 44 55 251 19 224 202 8 169 184 241 54 59 120 10 45 236 211 62 187 54 4 10 33 109 31 55 177 97 54 240 45 230 198 207 104 131 194 2 194 244 111 9 226 211 2 226 177 235
251 157 194 78 210 39 71 233 246 174 174 218 40 78 52 125 146 48 24 108 157 52 173 209 130 1 61 197 110 238 19 251 31 205 130 223 188 253 55 196 225 93 205 113 240 163 71 4 45 38 61 91 191 63 226 85 187 85 253 170 253 255 6 69 105 150 50 214 104 243 216 66 198 44 184 154 215 139 205 237
205 11 46 230 2 224 17 238 141 85 108 219 231 52 18 39 102 91 156 120 108 185 154 180 89 78 149 70 166 180 105 108 226 137 255 58 3 197 177 67 85 194 18 186 180 17 40 222 158 228 232 122 16 142 208 243 124 28 19 163 138 43 31 123 149 214 33 53 90 221 132 33 0 83 69 70 17 25 246 253
73 223 54 122 55 65 203 190 15 6 87 181 225 155 117 37 206 32 198 57 83 91 46 211 242 129 53 190 91 244 89 21 43 227 69 221 173 31 109 92 215 9 42 99 47 63 128 137 93 250 159 181 136 97 192 62 151 245 105 203 70 83 172 151 235 240 101 125 56 133 7 240 222 137 168 198 94 86 212 91
152 168 82 82 80 173 160 198 71 42 182 177 170 173 227 73 202 239 166 217 119 254 28 19 6 47 65 171 87 231 105 21 67 242 18 97 94 51 27 1 236 2 227 55 111 255 226 230 190 228 192 241 181 244 172 235 140 51 159 20 163 196 225 246 74 87 243 124 59 45 1 184 1 133 38 136 49 222 68 3
31 149 240 128 85 40 152 36 131 16 130 72 50 213 0 120 119 40 224 112 153 68 191 240 167 206 254 41 114 209 185 6 218 123 241 249 62 61 214 147 39 126 217 162 5 238 108 113 183 193 247 173 242 160 204 141 117 50 243 73 213 33 111 57 61 52 40 129 45 191 1 99 19 95 47 198 245 24 125 211
21 112 9 173 185 243 252 187 105 109 145 109 231 26 20 116 143 121 12 177 239 201 99 31 235 144 231 6 190 109 41 214 114 101 61 253 72 241 94 10 178 181 247 216 195 199 46 167 46 186 6 54 82 93 225 175 179 193 105 23 233 8 35 78 151 198 161 208 51 98 14 172 156 34 55 176 115 105 209 117
190 169 254 193 254 71 137 104 28 84 203 112 63 103 235 201 23 238 28 76 20 254 228 75 55 157 184 230 102 240 212 127 59 130 96 41 213 146 192 186 244 6 103 139 134 222 95 192 38 60 48 233 108 163 116 253 86 114 134 118 39 81 113 186 110 167 87 90 235 109 227 184 125 180 171 124 83 72 44 142
243 86 199 241 58 60 234 106 151 108 26 164 60 217 249 238 177 225 241 6 219 229 249 150 223 165 124 114 112 126 120 228 85 178 132 215 78 68 40 70 21 199 244 62 227 233 61 149 87 130 39 32 21 168 140 138 66 93 85 130 35 128 43 52 191 152 74 17 150 26 133 237 153 39 197 151 7 61 10 45
63 239 217 27 234 205 90 65 218 107 234 205 20 113 93 66 6 77 224 189 37 37 51 132 241 10 225 94 112 126 164 126 108 37 90 186 150 85 167 205 255 254 29 166 74 133 175 193 235 159 153 37 130 254 92 236 108 128 112 7 255 229 8 19 98 156 216 25 193 80 109 177 56 118 108 5 79 5 28 202
183 248 115 34 113 134 163 55 82 152 165 164 140 249 77 31 249 254 55 139 38 131 5 105 85 135 252 4 187 195 163 242 92 182 235 222 182 168 57 230 36 172 214 214 70 179 120 132 24 233 233 181 239 6 150 13 34 173 165 28 209 200 108 86 214 198 20 137 208 172 84 35 181 245 231 133 243 30 111 121
218 219 59 74 221 80 93 21 134 167 4 133 75 190 167 77 251 4 186 167 102 149 0 162 124 62 89 91 11 146 97 94 157 129 174 119 78 203 106 40 234 67 85 46 124 34 75 220 186 239 115 240 90 35 215 8 196 40 174 215 82 177 61 197 12 100 42 104 116 170 138 248 155 82 165 232 143 169 163 192
88 84 201 81 149 53 141 147 166 86 143 198 157 221 189 129 0 38 236 67 7 148 29 104 119 85 70 14 94 94 58 113 72 132 93 1 213 134 250 10 234 170 167 216 110 26 171 170 250 25 192 47 139 37 105 229 64 159 186 235 190 163 226 158 62 81 103 157 110 159 107 159 233 221 129 168 150 120 20 13
141 194 19 222 1 159 176 62 129 98 115 52 125 18 58 59 192 142 152 86 72 226 140 170 98 54 87 11 56 97 246 44 172 39 42 132 24 126 189 40 205 128 192 121 97 255 77 192 136 108 223 226 93 104 70 48 195 56 156 224 165 201 17 22 118 192 14 246 130 93 103 148 179 142 114 101 164 206 226 132
11 108 163 1 71 31 226 78 20 182 209 157 178 35 74 219 184 243 10 197 30 67 241 45 55 48 157 106 248 173 211 155 127 144 92 132 235 196 206 127 201 251 198 184 122 146 54 247 74 193 6 2 175 89 197 168 110 75 70 88 90 196 237 94 117 176 228 116 60 160 84 156 119 81 148 93 54 141 142 212
244 61 176 135 43 103 42 23 209 112 217 201 83 99 220 143 76 165 241 11 196 72 153 142 151 201 88 236 111 161 123 67 252 134 142 39 18 86 2 200 51 79 104 178 168 133 141 139 242 58 22 94 58 182 49 117 220 121 235 61 4 243 243 255 106 183 64 105 175 182 82 20 121 79 47 212 3 233 56 154
235 105 27 77 120 9 130 228 255 161 160 5 148 40 244 207 19 130 10 140 21 195 129 93 126 247 221 83 195 141 210 129 185 27 55 245 69 226 110 80 37 255 152 108 217 126 169 28 168 95 103 51 9 241 232 54 168 94 140 245 12 14 33 243 199 251 6 211 167 63 94 23 149 52 99 250 199 86 231 150
237 177 155 5 194 248 43 210 214 69 146 243 69 178 222 39 86 185 180 252 145 255 66 227 168 43 190 193 255 103 204 227 129 32 111 225 97 51 19 67 168 170 116 46 166 50 162 151 55 227 219 23 161 37 5 16 7 136 80 53 158 170 246 26 36 68 247 38 133 68 153 196 217 6 28 5 181 11 79 134
197 9 8 177 201 184 40 85 139 123 239 134 4 52 162 95 37 238 147 138 12 250 167 25 238 112 25 220 77 237 168 201 186 220 123 112 155 36 73 219 2 96 243 68 1 189 238 45 14 57 141 143 252 28 114 96 245 61 34 237 4 125 88 221 248 252 151 71 119 4 64 207 118 224 52 133 25 144 145 167
28 101 54 192 200 74 109 166 82 56 132 93 17 165 206 38 126 164 65 253 180 110 56 140 134 94 28 244 20 221 217 137 207 166 179 122 51 20 246 68 63 251 36 77 145 80 182 177 84 172 253 40 147 239 180 214 53 225 91 172 73 226 146 46 202 254 89 55 127 6 74 117 114 122 140 93 39 240 55 85
109 11 254 130 201 8 52 87 237 245 105 91 180 234 30 108 49 234 85 218 238 58 35 246 17 46 35 6 137 78 26 152 140 172 60 182 75 62 44 122 206 29 233 235 0 123 184 231 233 77 137 44 74 8 114 153 40 85 138 100 108 147 74 93 7 20 130 30 51 183 80 4 150 95 20 206 109 39 241 61
74 238 176 82 197 2 118 144 30 222 244 189 121 213 251 132 1 158 111 217 177 178 27 139 71 209 235 37 147 102 248 232 50 37 218 73 99 231 26 85 85 21 238 119 198 44 3 151 210 162 207 101 93 150 188 254 187 175 172 161 76 53 77 24 169 13 95 217 112 64 182 151 243 123 249 115 26 73 81 95
223 247 17 238 135 15 4 177 140 67 170 115 27 241 121 36 110 187 77 125 87 126 10 135 233 70 117 179 215 20 89 135 31 196 50 62 155 153 124 74 216 84 177 175 113 236 192 46 92 238 133 217 245 3 159 252 24 223 154 236 225 144 218 133 36 84 50 70 6 127 151 146 150 74 52 237 6 73 35 3
43 195 61 53 40 187 255 117 109 64 40 39 240 73 10 206 38 131 87 141 108 159 91 48 212 255 242 159 242 23 151 137 213 142 136 116 111 176 220 11 42 107 117 138 16 153 229 7 187 242 105 210 117 71 62 175 85 244 211 231 191 194 170 134 37 176 69 190 240 95 158 20 7 183 211 238 5 79 237 222
184 252 252 217 143 232 25 136 168 164 235 124 193 252 163 56 26 112 220 158 124 9 196 191 81 216 121 177 56 238 113 22 115 20 196 220 172 237 174 132 244 72 137 44 42 58 153 251 121 104 15 169 247 196 98 238 145 178 191 32 19 15 193 216 215 142 236 176 212 33 119 91 85 182 240 225 68 137 145 8
203 224 250 141 1 92 246 154 180 110 216 72 21 77 121 89 94 228 104 121 81 220 236 240 218 201 181 153 233 106 11 80 10 66 197 152 33 110 15 236 34 223 195 232 55 146 6 216 181 12 83 56 5 41 121 180 203 113 58 195 17 116 160 255 127 107 96 94 81 147 0 77 123 181 240 179 79 201 151 88
98 35 197 171 209 48 253 54 204 60 193 68 220 218 7 175 76 109 41 65 210 73 149 61 157 154 6 179 201 137 95 253 23 178 79 90 2 114 24 12 188 90 226 64 173 17 85 253 135 79 167 225 212 212 149 148 102 66 30 126 228 14 92 64 37 24 188 88 237 233 196 125 239 75 151 93 98 54 97 194
175 195 251 254 117 174 210 184 23 223 138 148 36 230 255 57 152 188 127 103 176 218 101 209 233 208 125 123 33 212 72 15 2 107 96 47 63 195 110 103 206 151 94 73 129 24 85 187 246 141 129 0 18 103 245 184 95 64 116 107 147 102 218 204 8 53 177 32 180 223 234 214 14 142 217 104 3 119 223 12
80 109 155 96 134 37 178 15 237 224 177 59 117 217 197 126 164 26 201 205 95 222 54 122 13 140 213 145 79 227 165 133 9 196 49 160 199 8 31 246 137 55 170 128 156 254 79 135 89 130 156 104 36 25 40 1 183 177 201 182 164 183 24 228 234 197 35 229 249 85 138 149 116 56 42 100 196 113 144 8
34 141 97 24 44 102 75 158 81 162 79 157 239 8 113 69 48 28 78 46 3 126 210 129 109 105 151 136 70 119 76 184 76 17 193 204 129 30 229 121 84 129 63 2 151 116 221 67 201 46 205 185 178 214 113 117 185 187 254 223 222 71 136 77 188 182 162 69 215 39 86 213 17 160 233 249 57 56 242 195
249 182 207 75 134 95 43 252 239 195 191 226 179 161 11 90 230 152 229 81 159 230 191 87 245 144 146 251 84 229 112 14 135 168 190 232 10 149 229 210 217 36 241 185 0 21 105 165 244 227 50 107 58 195 189 83 78 7 79 67 63 125 221 231 79 123 66 128 78 26 58 48 18 145 230 192 60 71 172 80
127 196 138 132 175 179 41 46 21 192 13 95 249 150 135 52 215 190 193 102 29 221 253 119 197 134 37 38 82 103 51 141 46 170 195 244 63 163 114 17 115 186 188 148 121 139 70 203 36 91 74 246 32 166 67 69 61 197 111 80 87 33 160 175 152 71 58 178 170 177 184 48 180 90 113 83 218 91 248 60
37 1 61 119 114 59 175 211 63 245 248 95 115 26 112 104 97 183 34 24 205 133 232 188 94 76 52 218 203 153 236 126 200 85 8 249 76 9 203 166 36 74 187 111 42 82 195 50 208 238 88 205 74 145 43 180 202 2 220 19 84 103 126 231 127 184 126 115 17 141 61 98 77 148 107 140 153 88 202 177
63 136 141 17 57 234 87 159 90 141 83 225 225 159 33 97 119 90 45 68 232 128 26 240 158 217 56 154 125 49 147 85 156 146 228 245 144 13 144 42 110 16 117 126 66 66 126 32 232 185 162 21 115 108 28 1 190 238 81 12 51 74 194 89 174 4 11 81 77 88 62 250 73 129 103 80 38 253 211 166
177 95 238 5 24 141 173 113 146 16 195 253 31 65 236 143 16 219 177 76 223 159 31 53 59 147 196 18 177 229 35 146 107 237 226 254 111 44 220 108 207 130 8 4 194 154 168 75 205 119 92 16 29 114 160 242 250 16 52 105 194 205 243 76 247 197 72 140 12 180 248 242 35 32 111 252 164 171 56 177
94 62 196 126 29 74 79 7 222 182 176 140 169 52 18 215 91 89 185 229 56 137 162 2 4 226 193 113 233 195 109 224 38 63 167 233 112 123 182 168 47 126 117 225 178 68 63 13 141 110 172 230 67 110 63 146 245 127 91 133 102 65 24 16 10 206 12 140 111 58 74 138 249 10 231 104 81 140 233 71
48 174 48 187 120 6 170 253 160 173 50 10 248 181 70 42 37 5 254 222 120 188 42 172 213 87 213 15 156 119 112 82 14 134 215 220 19 173 165 86 83 241 233 80 212 169 28 8 83 247 247 158 192 139 34 13 210 90 212 187 175 41 248 19 122 52 178 86 26 232 193 131 172 113 7 53 162 199 248 104
122 177 68 99 112 84 53 146 71 17 29 72 8 109 2 57 141 161 28 213 194 77 54 90 141 193 90 174 163 249 136 43 155 1 67 118 154 137 174 77 50 152 93 113 172 32 115 211 16 144 174 98 190 13 234 211 113 48 247 123 41 3 230 28 130 33 106 152 1 145 135 159 57 83 26 133 231 190 47 139
39 101 177 73 91 105 38 251 12 21 104 254 210 103 122 108 190 160 213 121 240 255 48 48 157 90 148 206 172 173 177 209 184 190 89 236 180 124 86 95 14 255 139 20 173 159 160 230 18 233 119 225 17 130 2 71 14 66 40 167 87 80 128 60 253 185 206 148 240 83 22 98 59 8 118 171 112 16 131 150
91 194 197 62 119 60 45 141 166 230 191 0 209 217 49 240 237 196 205 233 77 33 8 210 107 113 242 203 147 154 67 233 17 60 23 188 145 137 74 68 184 145 197 252 196 107 238 38 40 120 52 218 50 186 88 105 38 28 165 245 53 187 164 75 135 187 166 0 232 106 235 114 248 236 93 32 141 101 75 209
237 63 166 155 29 251 161 161 221 108 216 21 201 62 255 193 70 1 22 164 47 47 228 102 210 76 161 42 206 251 174 186 145 11 90 160 10 178 160 65 176 200 6 78 54 140 194 141 69 133 14 5 78 22 179 30 175 37 18 164 76 99 18 127 18 218 212 85 109 189 255 201 10 154 145 127 155 171 135 222
222 46 189 232 133 121 128 233 198 252 168 174 59 141 70 144 155 94 163 71 207 87 194 141 25 66 114 215 168 225 138 138 28 163 41 199 190 239 198 100 101 173 11 21 64 129 132 240 88 61 223 37 135 174 22 120 61 66 97 57 207 16 31 243 178 238 141 90 116 38 214 72 118 160 182 134 187 149 82 109
71 243 55 177 58 202 61 27 187 231 179 16 221 253 237 178 107 159 235 219 238 166 227 237 51 8 73 46 84 228 195 51 22 41 57 215 200 196 248 240 209 135 53 50 111 136 121 70 128 78 197 209 238 137 2 112 239 141 192 90 35 139 67 150 2 188 101 65 212 115 21 212 87 71 167 204 224 23 5 12
19 51 47 208 145 243 237 80 58 162 234 46 240 128 161 98 10 82 149 163 139 243 212 1 10 125 177 141 107 110 207 184 22 187 112 30 127 67 119 14 120 231 243 73 87 88 103 64 253 189 18 54 116 53 233 10 82 98 70 91 237 98 183 12 59 5 128 239 148 10 129 111 62 103 96 235 232 144 225 228
245 130 225 87 18 176 99 225 39 206 21 229 226 66 163 253 136 140 237 93 17 182 132 81 115 33 164 0 88 165 154 137 76 144 107 106 9 98 4 150 73 219 238 170 135 74 4 94 64 246 244 143 137 249 211 46 39 77 50 11 244 95 38 109 18 65 179 52 24 73 38 172 94 247 123 63 206 185 111 123
139 9 47 223 96 141 176 8 89 48 189 53 178 17 73 163 97 59 173 212 200 193 33 250 96 236 22 162 255 231 121 232 127 167 236 12 120 43 13 97 57 197 245 194 230 49 174 233 92 205 200 253 182 26 106 217 184 56 191 56 184 215 244 91 98 177 187 56 177 173 107 194 169 126 12 19 170 231 103 5
55 192 33 5 68 209 34 65 73 94 189 42 46 19 61 122 182 142 183 230 193 169 46 60 33 162 239 167 90 237 33 128 7 116 238 152 225 203 14 158 96 167 124 10 176 5 60 239 231 6 253 131 217 213 14 53 161 123 20 192 108 161 249 129 241 172 35 127 91 15 120 239 230 237 128 110 108 95 189 245
172 152 226 124 5 69 215 249 46 163 161 109 209 199 200 217 177 188 215 34 231 69 54 187 103 96 110 45 125 238 8 96 190 129 251 130 6 90 96 104 122 200 158 253 179 143 23 129 215 6 157 90 87 7 2 73 248 13 139 62 118 27 24 187 93 126 69 118 137 245 68 230 100 200 35 186 180 7 213 38
227 85 36 30 20 158 241 197 104 119 151 208 70 61 81 229 169 181 207 121 142 67 254 92 191 75 123 177 83 199 126 46 198 154 23 100 111 95 24 17 111 15 147 118 18 65 111 250 156 189 59 21 138 32 56 248 20 47 56 204 45 218 121 89 150 42 52 185 218 86 173 180 243 115 150 224 27 249 12 214
172 82 77 249 235 99 235 226 65 221 158 254 103 135 186 74 123 116 144 29 38 0 239 145 129 112 36 36 26 79 234 52 255 111 36 45 210 10 232 199 25 29 229 52 11 65 108 209 11 62 245 67 53 68 22 168 232 159 21 83 197 246 82 245 254 92 63 148 153 24 135 145 19 253 76 18 238 200 35 24
29 237 117 17 55 248 244 188 62 170 106 140 1 80 30 7 190 146 68 252 78 188 159 172 232 199 48 206 84 236 206 22 236 152 155 205 248 241 95 22 76 124 161 113 67 139 98 220 178 93 104 184 107 165 158 140 254 127 240 144 191 149 221 176 34 79 130 85 209 137 40 90 11 17 158 94 9 45 124 143
189 209 189 9 72 140 135 252 179 13 101 48 44 66 136 30 172 222 10 202 23 231 130 21 12 176 195 147 89 41 253 135 2 220 59 229 218 95 124 139 151 77 227 172 5 45 191 45 159 32 228 158 92 29 20 62 227 252 68 146 104 124 178 151 63 221 54 126 44 129 9 253 179 56 80 246 128 176 0 210
62 49 93 128 139 190 245 231 39 187 200 150 0 231 165 20 223 162 123 202 199 171 161 171 206 39 83 40 10 28 158 82 28 135 60 254 87 156 186 166 43 33 129 72 218 223 226 195 197 22 117 95 36 233 231 100 167 40 58 102 169 69 170 22 195 180 212 141 95 252 120 253 247 112 199 205 15 53 247 49
243 85 79 114 191 59 179 159 126 222 155 68 33 242 146 172 113 93 4 95 139 63 116 160 216 82 243 10 97 178 33 156 235 104 6 170 192 140 25 113 224 42 81 186 218 49 202 63 4 62 132 220 154 8 26 63 56 40 164 89 221 235 111 210 160 141 234 49 182 183 228 40 67 156 139 30 211 231 121 104
187 180 3 123 212 148 119 65 59 252 196 73 33 191 27 207 76 170 14 32 168 179 235 13 157 54 178 96 182 216 173 12 53 211 146 163 81 61 222 143 67 91 57 247 124 125 158 43 77 173 199 24 216 15 0 228 218 54 41 186 73 196 157 223 134 97 38 91 246 137 18 149 121 53 2 123 20 153 45 111
2 214 46 44 65 137 19 55 96 192 84 40 160 28 89 91 8 253 138 247 179 89 85 221 208 91 131 23 4 5 81 202 251 192 120 150 116 80 6 197 179 99 237 69 151 22 46 156 8 246 64 209 167 59 248 201 195 219 221 195 30 154 14 234 35 23 233 1 77 72 136 253 147 153 146 50 15 34 228 177
212 91 235 246 218 106 89 175 179 109 116 207 30 134 106 125 60 28 12 183 137 42 42 23 126 32 38 153 43 86 235 131 203 231 37 73 152 115 223 238 49 21 97 100 253 32 18 248 132 99 50 66 155 104 219 206 173 138 124 144 38 70 22 29 164 200 127 195 53 76 247 27 241 151 90 177 244 174 173 91
30 102 98 171 191 6 247 23 101 172 220 186 116 196 204 59 217 135 157 56 201 232 99 91 139 65 157 210 90 116 15 115 206 58 119 119 98 86 115 153 209 224 233 100 227 104 190 89 72 210 219 49 138 156 91 84 186 48 161 129 140 150 238 16 82 118 117 25 241 147 241 244 102 28 106 175 142 174 115 49
27 163 61 195 2 104 149 168 29 180 44 105 105 34 16 254 93 246 119 179 243 22 191 174 8 58 144 221 77 147 98 171 96 92 117 38 162 26 18 50 221 141 23 135 254 2 255 12 142 124 233 130 249 10 11 55 115 56 29 193 134 188 4 71 137 122 248 86 102 36 122 162 72 136 231 151 150 47 80 27
223 117 184 191 229 78 184 255 204 29 193 245 81 184 225 112 38 195 106 195 168 207 172 37 244 150 134 8 89 170 21 136 228 47 91 143 190 9 149 61 86 34 22 144 218 173 71 245 201 189 182 91 235 235 139 220 200 129 184 28 0 38 121 113 106 219 60 7 243 189 207 38 213 23 155 235 148 77 110 220
246 126 193 72 19 207 153 130 55 223 183 221 80 142 64 18 182 46 142 187 202 146 108 42 162 163 60 21 77 160 120 15 55 186 62 225 173 162 169 18 124 154 74 212 250 11 89 38 212 65 208 129 30 253 240 16 164 79 53 10 16 165 121 4 83 96 12 30 156 165 127 250 131 48 79 56 107 227 185 91
207 241 251 245 70 87 214 113 219 113 79 27 240 247 91 218 68 133 119 221 152 91 172 85 112 104 87 106 231 16 117 97 157 241 9 207 181 57 223 156 50 45 212 29 81 192 71 183 217 112 245 129 93 64 174 103 74 163 156 141 252 78 111 248 144 11 5 150 118 7 29 87 55 34 208 230 145 132 123 90
202 181 68 95 111 92 50 148 251 119 249 4 122 134 92 211 71 105 2 150 39 11 119 184 93 2 127 112 22 241 238 70 97 63 79 57 174 90 33 116 209 127 187 22 173 209 240 88 132 142 98 231 11 134 169 112 17 58 0 235 255 85 64 85 143 155 168 167 17 254 62 36 213 4 13 5 145 189 253 78
238 89 46 0 152 182 196 30 234 136 159 109 159 17 125 17 242 57 85 17 134 45 89 221 78 188 16 58 59 252 112 255 140 5 153 3 168 182 244 188 199 191 3 96 128 65 112 15 208 208 87 182 40 109 30 18 199 125 161 28 50 56 68 2 248 16 22 90 254 213 196 13 239 228 97 21 239 47 172 55
233 161 134 219 248 95 224 206 99 250 71 13 131 222 244 8 243 101 4 198 154 198 61 162 43 14 138 130 231 46 160 14 35 226 75 254 176 216 28 43 192 133 30 9 250 158 57 184 224 211 183 119 92 176 35 233 91 35 6 69 139 135 97 214 182 55 93 193 59 149 100 151 123 175 58 64 131 73 191 94
112 234 43 122 124 141 110 35 171 156 92 200 70 253 105 247 64 101 117 126 154 45 191 86 11 163 199 140 153 183 182 33 80 142 155 104 14 8 110 186 185 128 213 70 63 143 98 3 75 25 65 54 114 86 12 222 211 178 145 72 110 15 235 80 221 10 155 182 56 152 98 139 232 188 50 224 5 236 134 230
138 32 178 82 161 161 160 157 209 163 154 151 69 73 151 133 235 166 82 108 203 140 113 119 187 151 205 238 91 209 189 230 54 122 18 90 62 5 231 150 7 190 237 36 129 177 241 127 142 144 33 245 4 57 96 137 38 41 232 35 191 212 13 163 250 49 28 188 67 155 194 132 121 57 184 26 25 107 246 115
175 8 77 154 43 166 107 88 203 248 210 10 139 152 25 195 102 15 199 203 192 117 143 140 16 168 220 213 251 218 17 112 136 100 36 143 237 193 54 193 216 54 176 232 35 48 108 187 175 134 57 206 175 94 34 246 202 19 86 131 220 53 56 86 243 219 48 2 14 240 112 167 8 200 40 158 4 234 65 26
15 183 223 151 35 2 192 182 75 172 165 77 204 154 168 92 98 251 33 39 50 180 249 241 175 47 214 60 77 74 122 168 59 189 190 39 123 101 115 39 83 99 7 199 139 48 63 98 88 0 208 112 61 168 189 26 179 249 234 36 115 2 131 131 64 48 233 202 45 232 70 65 189 122 167 94 250 247 203 18
80 235 83 35 154 39 182 236 83 137 28 114 224 185 247 68 136 242 1 228 95 12 55 202 83 159 15 70 254 176 54 79 22 120 208 192 252 14 209 215 81 163 86 238 38 129 200 114 133 66 37 210 179 174 177 254 117 155 124 53 112 192 35 190 46 14 65 223 183 206 1 69 65 111 22 190 51 172 23 185
170 217 222 39 245 23 132 9 48 160 91 5 11 21 165 117 241 225 158 55 45 173 147 228 122 102 224 208 78 232 24 142 52 163 28 198 16 147 129 166 110 238 3 5 71 170 249 201 173 10 5 55 137 240 211 86 242 167 180 35 22 73 31 51 239 99 241 210 203 145 151 190 86 247 224 142 66 232 101 165
73 250 64 103 239 181 128 33 223 51 72 108 133 224 55 224 103 166 116 88 59 150 243 228 206 207 17 242 224 149 99 119 16 244 154 191 133 27 154 78 132 255 124 129 69 30 50 54 106 98 237 133 130 217 132 193 47 91 235 96 140 102 61 45 91 156 113 226 108 53 180 8 134 57 180 117 87 65 212 218
27 124 31 139 178 2 223 132 53 156 43 228 163 47 115 147 105 14 225 250 169 151 130 45 97 31 187 42 122 56 147 40 142 163 63 136 63 8 38 191 175 221 186 180 69 182 219 245 133 172 180 149 216 74 15 56 111 84 219 47 186 38 171 145 157 40 253 166 150 84 52 34 22 29 100 41 228 27 243 94
157 127 115 239 249 199 43 179 132 254 196 168 45 153 120 236 19 5 151 163 19 132 38 126 168 18 230 46 98 39 220 157 231 76 168 217 93 147 227 79 99 50 133 30 245 9 66 200 109 43 125 210 95 100 162 242 24 56 122 145 168 178 29 80 233 119 1 168 3 187 229 96 180 228 46 113 147 2 214 115
123 180 77 53 30 96 40 64 119 71 243 196 110 156 23 207 85 64 54 36 127 101 3 247 85 184 251 214 62 95 238 103 24 132 212 62 153 198 70 25 98 178 166 90 213 28 56 74 208 178 249 183 20 233 226 13 224 143 162 137 146 170 16 97 164 184 26 169 43 47 131 149 224 246 27 77 54 123 163 191
189 40 48 48 208 214 84 199 108 82 26 69 177 107 17 151 45 184 167 15 224 157 7 168 128 247 62 111 4 116 239 239 226 78 106 149 32 124 153 201 117 165 164 126 59 81 92 240 166 75 76 53 7 187 205 99 214 145 117 63 136 119 233 198 56 4 180 210 249 200 59 142 138 139 193 208 52 251 29 204
210 45 207 26 251 17 153 161 119 199 153 169 32 168 163 123 158 199 65 15 180 246 220 138 38 4 8 180 166 26 216 173 143 191 0 60 140 231 53 94 73 128 208 254 5 254 188 220 227 247 8 33 6 103 85 223 109 199 93 132 188 14 203 96 76 51 9 86 205 38 101 91 132 22 190 41 226 76 34 174
162 156 241 207 49 88 24 238 114 84 31 101 237 159 187 3 78 250 109 20 187 250 134 181 242 73 201 21 220 10 251 130 14 91 117 147 26 18 40 117 187 7 93 63 19 137 149 101 125 64 181 94 109 17 243 172 57 160 141 156 212 6 6 44 150 8 42 72 209 45 99 84 136 130 167 213 148 221 26 81
117 148 136 128 130 249 155 199 222 69 70 37 142 184 154 205 237 184 215 166 70 184 135 66 59 67 165 82 134 239 3 220 49 65 254 251 154 11 221 189 192 157 77 107 47 83 178 46 197 108 140 73 230 161 21 125 254 233 188 157 192 99 79 103 134 137 224 149 3 18 32 160 75 245 231 222 127 249 94 236
32 220 89 165 206 63 23 58 70 225 110 87 64 66 37 219 31 122 190 42 130 46 132 230 164 229 149 105 37 142 216 132 84 17 195 38 241 111 67 138 232 103 13 75 230 4 114 209 153 213 77 50 202 73 189 60 236 15 92 131 190 53 35 236 143 66 136 44 10 140 103 241 139 37 149 127 124 181 188 219
220 77 208 70 77 215 232 159 5 100 50 117 200 212 185 250 129 178 161 130 162 219 14 24 193 145 142 153 234 96 105 238 75 3 139 209 250 213 176 159 150 233 175 121 72 111 87 232 3 104 220 91 181 59 151 137 203 135 181 48 58 182 193 55 101 143 201 196 161 88 159 90 247 176 75 19 248 191 96 103
94 65 89 89 41 49 67 196 241 152 132 92 142 17 214 150 157 248 234 192 89 245 73 164 49 208 25 67 166 26 111 29 75 255 191 239 228 235 156 221 235 165 235 53 183 53 195 253 55 130 235 135 203 252 91 49 205 98 139 55 95 176 174 60 247 67 115 133 14 32 191 97 174 15 178 213 76 186 118 255
235 237 147 4 103 8 81 65 167 82 239 165 115 110 48 117 81 93 99 207 9 32 73 23 153 168 93 143 189 174 110 46 87 244 89 55 93 224 35 194 18 98 216 251 145 100 150 236 59 45 222 145 136 10 72 162 175 215 107 141 216 174 127 214 151 75 202 183 247 120 184 162 143 88 90 250 96 220 160 213
233 66 130 97 155 154 72 59 241 6 182 85 168 36 105 115 70 213 27 3 187 153 40 162 129 112 130 42 209 10 107 0 70 202 250 125 54 204 7 139 56 161 248 122 37 229 244 238 115 66 96 229 202 11 230 138 238 1 36 212 73 131 19 243 107 130 232 93 42 24 107 209 121 23 14 79 79 109 111 45
146 238 51 73 195 159 66 174 48 160 96 205 48 102 87 53 2 16 185 44 187 126 82 6 208 225 120 65 251 133 215 8 244 46 68 155 40 10 55 13 210 161 188 40 47 147 146 14 27 135 75 125 76 229 106 71 198 98 220 250 237 91 212 219 58 185 55 41 23 25 21 50 79 36 74 104 50 120 255 154
186 80 172 65 47 126 34 102 51 118 177 65 172 179 131 223 197 112 32 29 156 121 199 154 114 110 40 150 130 97 182 158 31 49 202 105 2 203 158 76 95 29 103 193 64 149 195 29 203 108 227 176 191 70 73 54 219 236 185 164 35 236 201 255 18 67 8 186 63 222 51 73 121 73 123 172 228 16 7 2
15 117 112 23 124 124 126 189 209 58 220 140 242 34 47 175 224 195 233 119 234 249 86 204 56 213 86 66 65 139 63 54 10 41 160 203 161 188 135 107 49 222 226 79 29 192 189 145 38 199 217 97 180 84 153 254 73 132 136 170 58 180 98 243 53 249 225 154 98 85 79 244 120 240 26 236 200 254 158 84
203 243 58 242 224 231 110 74 249 131 38 26 55 106 158 145 150 184 117 245 40 214 223 22 141 199 235 94 74 197 251 49 112 123 178 167 195 245 106 17 246 185 59 46 239 104 246 164 38 22 76 224 171 232 240 71 207 197 106 178 54 216 153 2 60 119 246 238 254 50 219 181 134 115 35 112 214 184 215 120
92 244 203 4 16 231 66 245 21 124 109 245 32 233 253 222 91 15 242 52 186 36 238 185 229 20 146 2 206 31 19 226 203 158 240 70 75 205 212 4 16 203 80 195 59 11 44 248 32 0 65 35 185 226 122 207 186 107 8 103 11 81 50 106 198 250 244 214 217 103 224 29 73 176 5 106 1 2 156 73
193 85 236 232 69 12 69 6 15 159 230 39 228 8 242 233 79 45 253 0 156 123 132 94 210 28 128 191 249 85 113 219 14 131 123 149 190 208 50 186 152 238 12 107 107 67 64 120 244 112 92 241 9 72 91 205 147 150 22 234 176 212 104 124 45 79 121 37 138 158 117 36 196 95 50 160 99 207 214 77
208 102 154 126 147 118 219 94 103 96 68 50 37 132 250 25 62 143 190 60 160 227 74 233 154 237 125 173 65 120 103 57 42 26 187 78 181 8 190 238 63 154 46 46 157 130 34 193 66 28 124 39 2 231 79 53 31 21 131 166 234 94 111 114 148 239 58 177 23 17 84 18 116 103 58 181 152 95 86 124
149 84 177 182 151 132 53 94 86 43 13 120 253 180 76 226 114 28 208 125 12 180 198 100 126 106 157 70 239 18 184 192 109 149 164 254 159 21 57 199 55 196 240 5 240 59 162 162 42 48 137 194 95 72 249 186 103 247 222 17 95 177 23 149 218 187 237 106 185 226 237 178 248 230 29 199 8 45 151 57
103 35 196 156 135 32 98 94 254 19 77 121 87 194 13 184 197 59 148 178 158 174 12 153 21 94 89 106 56 76 50 222 164 166 153 129 86 82 143 183 173 120 104 202 119 243 143 62 205 70 185 38 54 241 239 73 14 182 188 44 155 116 128 232 223 172 180 217 93 80 1 15 255 240 95 158 75 79 9 6
47 114 169 15 164 219 92 123 145 229 172 158 180 51 177 110 64 19 135 91 20 130 27 47 92 28 103 189 183 98 177 109 11 202 38 142 154 215 182 119 10 32 241 220 119 211 75 165 172 10 48 217 8 117 239 251 186 126 248 184 13 147 30 176 13 146 25 182 237 58 22 252 194 37 214 98 69 84 27 1
162 5 3 15 241 179 135 169 174 159 140 248 162 57 2 21 173 248 0 114 20 205 6 86 211 112 36 139 106 188 149 156 200 113 59 50 66 132 119 43 226 46 219 120 113 156 51 145 11 215 183 98 154 18 159 151 65 243 116 165 159 194 67 232 221 21 139 226 29 47 236 198 22 235 129 14 179 187 254 54
242 209 198 14 100 246 112 251 132 135 33 45 26 58 149 254 52 251 186 19 227 254 230 151 160 88 107 34 217 71 185 92 235 234 5 55 94 13 35 50 48 230 126 15 81 134 157 232 142 88 14 202 190 0 135 131 152 140 81 2 136 44 255 117 101 106 182 76 251 141 137 61 143 188 13 119 241 67 129 194
174 239 242 166 189 124 71 85 148 201 172 126 255 242 167 93 40 107 18 234 214 159 83 55 37 124 163 22 74 0 191 194 141 179 28 73 229 14 125 74 15 150 108 56 172 152 131 161 23 245 42 178 97 98 147 183 73 168 147 55 138 98 214 177 22 32 91 170 14 176 219 2 247 214 167 64 105 133 52 121
224 220 58 111 244 129 84 103 97 79 15 192 50 170 12 104 74 154 15 146 202 238 49 167 249 12 237 214 216 145 178 206 163 97 30 21 42 26 108 188 180 13 194 7 252 232 87 236 178 118 185 183 183 40 126 172 124 112 59 34 58 178 63 149 152 226 203 69 126 175 133 97 209 171 167 34 4 161 68 147
52 51 168 9 37 92 195 161 146 72 9 59 167 36 87 227 102 12 131 79 253 163 76 206 155 225 224 149 45 99 190 167 147 20 234 14 24 15 29 38 209 66 239 61 175 75 163 112 84 224 141 210 75 74 235 131 190 92 197 16 188 58 102 112 4 91 80 217 31 140 150 57 98 27 15 173 31 208 230 151
214 232 187 221 53 86 83 221 35 26 216 175 38 11 144 68 93 31 104 219 193 158 222 112 188 142 231 172 233 70 28 129 60 240 29 138 155 194 168 121 149 187 80 118 97 239 248 42 45 28 46 159 137 28 201 234 125 115 0 7 22 32 240 219 108 231 88 96 208 131 234 28 242 134 138 233 189 9 157 85
55 131 76 115 2 188 219 244 113 102 179 245 50 235 210 102 173 120 249 225 246 204 7 22 7 145 170 184 248 40 58 188 175 150 187 178 66 222 43 8 122 245 86 245 152 158 210 8 65 125 209 96 154 218 205 17 210 184 162 17 198 106 123 11 1 125 255 27 182 158 170 216 226 213 231 138 196 199 237 73
139 246 125 39 176 195 39 115 5 38 19 2 133 115 118 120 178 179 186 11 22 49 96 158 198 37 180 111 98 156 134 184 116 241 164 43 242 81 87 154 114 145 38 117 120 17 237 194 244 239 135 238 169 191 21 160 134 252 237 43 198 191 198 199 141 106 255 79 40 78 192 247 39 205 210 164 188 246 114 116
170 34 89 207 58 243 12 22 209 19 63 16 205 148 234 230 32 152 14 74 102 54 174 31 58 116 139 104 138 199 22 113 125 45 97 6 93 237 87 228 224 216 157 242 58 179 142 215 103 182 247 53 5 62 157 27 124 90 10 57 110 168 38 92 194 198 139 108 175 236 206 151 118 5 112 79 112 174 255 243
251 115 151 253 223 41 177 128 163 174 194 205 69 195 233 139 105 144 7 231 149 224 241 98 179 110 119 139 234 57 224 43 129 95 77 227 135 218 127 251 220 144 246 83 27 73 125 126 11 14 97 253 13 229 182 92 172 211 116 189 32 175 166 209 206 96 144 93 78 66 242 69 147 23 226 168 93 1 9 228
134 91 131 213 52 33 144 105 48 133 48 118 75 98 171 78 158 26 106 135 36 239 60 32 204 107 213 164 223 169 153 176 171 144 92 180 140 145 81 245 65 145 12 247 15 242 77 86 3 222 222 132 34 189 102 120 152 41 224 52 174 166 222 209 41 85 221 132 18 12 143 103 70 65 166 194 49 205 29 231
153 162 165 169 175 102 139 95 92 120 164 22 196 180 193 55 71 11 190 53 170 79 150 255 15 164 132 105 160 151 140 100 23 12 158 115 90 132 191 158 106 149 21 3 186 123 11 145 198 194 20 53 190 216 72 88 186 211 72 210 251 39 29 29 70 84 83 179 199 54 30 21 107 72 163 236 145 118 220 225
203 151 254 227 135 217 91 73 164 187 100 230 34 168 109 40 100 145 77 86 78 52 77 239 118 161 128 105 60 154 34 86 251 136 70 145 69 173 68 12 161 38 137 114 162 66 12 124 169 77 145 76 90 18 48 213 173 77 34 139 7 27 153 143 20 126 62 68 184 3 45 74 232 105 45 115 66 184 161 7
140 223 156 30 73 92 254 238 70 65 68 84 40 185 52 223 214 136 216 198 171 194 31 36 100 19 73 114 249 19 8 50 160 99 105 226 163 188 170 188 128 29 138 204 101 35 3 85 59 125 246 131 242 106 58 6 159 55 147 45 124 176 144 2 157 169 31 251 127 100 198 185 182 48 44 60 107 25 35 145
11 48 142 145 231 56 43 107 27 183 200 131 56 213 64 95 210 146 34 245 68 205 114 181 52 197 54 255 114 127 220 7 208 49 244 57 81 47 194 235 113 11 42 214 63 167 169 104 201 207 198 202 227 26 11 255 180 109 111 35 128 252 131 131 45 13 157 115 231 85 58 27 218 61 138 5 137 47 132 60
33 143 119 48 209 62 151 190 155 81 176 191 204 25 229 246 27 163 186 107 106 133 237 86 4 208 100 32 231 176 234 80 178 186 134 140 217 149 250 0 109 16 109 226 63 74 242 252 95 250 34 92 213 224 218 122 230 207 27 198 111 198 121 139 84 110 63 225 103 172 114 231 67 123 43 213 91 173 238 66
40 152 191 79 141 110 232 5 168 25 130 54 94 49 9 128 9 217 10 173 79 55 170 231 150 239 141 235 226 198 228 143 153 112 192 234 121 11 167 230 171 189 26 19 160 77 227 106 22 197 122 21 139 135 200 205 211 195 164 194 192 44 61 161 159 233 72 219 189 95 18 113 23 144 177 75 113 26 232 214
8 156 13 97 245 106 11 223 243 27 121 228 34 141 206 147 10 43 28 92 5 136 230 78 247 0 23 23 239 133 200 77 117 102 190 157 21 169 196 133 156 254 121 181 130 139 56 15 70 20 114 215 142 226 156 199 229 76 20 150 54 62 167 93 141 70 66 138 249 109 24 45 251 135 71 75 28 68 83 39
53 107 85 252 178 190 239 33 155 101 22 229 51 170 48 121 223 66 107 102 95 48 43 14 2 101 147 1 255 55 74 79 80 99 90 213 15 11 87 181 159 211 215 95 120 212 255 181 212 155 194 100 21 159 99 30 156 31 124 118 208 159 236 239 183 140 161 38 143 200 62 109 176 17 10 56 122 179 210 48
142 133 249 85 37 201 203 23 4 76 18 211 40 191 74 44 4 148 193 228 136 228 23 215 208 231 42 4 8 64 248 155 25 210 243 166 192 13 228 163 113 125 58 70 189 187 60 140 144 240 158 19 50 215 175 179 175 126 53 120 32 71 37 195 177 196 1 49 161 40 234 162 56 151 211 100 109 241 93 48
24 146 101 7 126 246 45 9 207 2 70 237 107 202 55 112 203 202 144 37 120 222 56 54 155 223 67 76 143 195 215 238 2 169 98 109 135 8 78 124 1 148 139 9 65 207 110 167 114 124 67 143 157 182 176 118 48 49 183 107 173 136 113 85 34 246 86 28 35 71 234 249 107 196 215 118 15 206 37 30
173 46 206 55 94 46 251 195 249 127 176 193 0 191 221 69 58 189 149 121 78 215 169 113 173 90 188 246 79 246 41 96 158 230 171 28 105 149 158 228 181 101 138 4 211 182 34 111 136 198 9 234 3 27 161 171 229 45 81 18 243 221 223 213 240 195 70 234 151 143 189 105 19 251 57 60 193 60 86 134
155 33 18 134 255 89 214 224 162 16 203 85 70 242 64 229 135 167 247 51 52 213 8 71 244 212 199 82 49 101 189 133 212 225 123 238 178 98 239 169 167 112 162 190 253 212 103 119 249 184 213 174 6 64 70 69 172 220 250 168 182 190 130 154 164 241 125 250 167 55 0 110 78 147 70 60 119 140 203 238
178 30 40 20 57 84 61 223 101 39 53 236 234 77 147 209 223 211 253 21 250 152 36 212 133 27 109 133 23 167 40 250 191 186 87 68 105 5 141 55 199 245 78 20 204 224 138 147 171 139 139 4 88 47 112 171 249 239 113 159 154 130 23 59 101 71 29 135 43 216 22 77 184 40 122 44 45 125 36 216
248 169 92 83 133 3 208 214 60 246 199 52 36 14 244 191 212 22 185 53 128 181 78 189 30 184 170 142 36 47 168 193 14 183 48 183 96 179 127 191 118 241 211 167 73 17 84 247 242 179 191 144 204 232 96 170 100 169 0 224 32 51 70 129 29 251 249 186 121 131 133 28 183 27 113 84 235 106 166 235
59 211 133 48 106 67 162 142 247 41 246 161 50 54 38 118 114 186 231 202 166 249 119 11 164 238 233 46 120 165 219 155 181 133 125 1 231 141 24 7 125 255 23 217 71 64 179 68 203 11 205 117 214 146 161 235 16 19 165 145 161 214 51 166 154 40 119 51 49 91 42 47 240 128 105 184 164 105 222 188
83 224 255 187 210 138 66 27 139 92 220 126 175 90 110 193 253 112 163 113 120 31 69 104 6 194 222 130 211 222 60 10 233 17 79 47 119 214 66 78 227 143 86 105 245 21 98 178 217 150 149 178 231 165 165 138 121 150 84 190 166 233 48 54 224 66 168 27 95 149 2 225 249 9 151 186 19 106 211 79
114 13 169 108 141 170 238 175 189 254 190 93 15 6 169 178 229 222 53 155 182 35 57 19 143 218 61 0 108 110 162 111 204 221 182 247 105 124 165 211 201 200 98 236 187 56 68 145 214 254 249 22 166 81 44 126 231 199 228 242 201 234 137 6 230 197 249 39 73 114 236 147 77 188 159 132 222 47 86 202
3 119 6 255 11 40 187 185 131 37 147 196 47 114 151 220 195 186 101 133 122 119 74 236 144 61 65 10 39 123 186 202 79 167 11 58 118 213 231 101 222 84 235 132 163 158 134 17 18 166 51 144 41 248 86 236 16 124 215 222 65 166 144 228 24 56 210 37 36 236 148 135 188 141 123 115 9 92 236 228
96 232 54 4 130 95 141 136 240 67 100 216 111 238 53 140 180 111 15 46 75 129 204 186 224 80 227 232 228 123 51 172 15 45 233 156 234 178 141 191 87 115 193 108 75 198 25 169 208 190 49 138 67 37 152 77 76 211 211 88 16 241 182 80 104 34 181 232 246 233 29 253 222 166 172 103 90 253 201 166
18 26 7 172 163 104 149 73 18 6 196 25 44 66 93 214 155 154 242 199 176 227 126 208 231 97 192 79 114 166 55 60 158 63 119 190 246 158 152 83 171 240 15 247 247 76 152 127 200 143 178 45 241 81 158 111 106 227 141 193 193 229 8 90 105 221 231 119 210 91 53 127 134 31 102 169 183 169 195 248
120 163 111 154 150 164 234 128 103 174 241 232 252 219 222 45 243 75 113 26 190 125 235 165 182 130 14 83 68 123 85 230 143 229 156 193 104 188 141 68 229 65 67 249 190 143 115 94 63 130 46 252 150 93 222 142 92 7 168 134 254 169 186 249 153 18 56 225 46 246 138 84 21 64 114 58 145 197 69 82
182 248 216 33 182 106 81 150 195 6 62 183 50 237 227 44 97 212 149 21 33 137 146 251 136 51 138 165 156 89 203 199 219 205 12 160 215 9 103 150 2 37 111 174 188 188 161 72 34 183 187 238 115 161 4 126 99 183 90 110 181 110 234 147 217 197 12 96 244 253 22 197 65 152 146 243 131 162 132 133
184 129 148 72 165 57 25 227 52 55 41 114 145 2 36 17 43 228 108 219 163 187 4 161 253 142 75 125 249 170 94 176 191 237 31 160 158 59 70 153 12 135 177 229 26 110 170 25 90 18 106 212 87 219 83 223 150 43 30 56 207 64 116 95 197 211 29 31 135 199 33 139 46 6 26 117 81 86 250 89
204 104 52 174 99 200 69 208 33 254 51 207 140 43 87 144 194 7 145 161 172 61 212 226 245 66 159 150 93 41 87 184 12 74 239 213 72 196 120 25 202 69 159 173 228 144 68 170 92 15 200 149 111 253 61 62 242 165 26 108 165 41 47 21 25 199 219 182 110 255 6 115 78 64 186 182 181 115 77 175
235 14 213 229 245 97 36 154 116 31 255 63 127 149 110 20 187 14 109 34 221 142 77 240 134 219 197 118 68 176 225 7 37 170 234 157 133 189 224 124 209 178 30 21 58 104 62 45 59 199 251 69 27 230 64 138 217 175 208 73 36 235 39 167 239 50 248 164 186 126 16 135 147 89 72 166 24 172 27 136
154 246 184 221 243 167 111 9 174 66 159 29 8 3 223 230 82 223 183 178 206 253 158 115 18 232 93 196 217 116 154 147 14 90 159 58 150 175 140 121 66 21 158 138 51 125 58 16 181 101 68 221 16 138 114 3 145 75 174 99 151 203 74 151 57 149 153 56 36 10 100 162 31 34 93 188 36 152 83 169
95 244 1 47 45 152 118 185 151 219 171 34 205 226 40 250 221 22 104 190 199 37 75 181 147 244 117 75 17 105 0 203 64 240 114 119 77 226 204 43 181 179 91 120 170 199 141 28 170 173 81 10 217 112 244 212 92 129 148 121 235 44 203 156 146 136 208 239 15 217 161 213 179 11 161 187 103 241 150 173
169 216 96 217 111 57 243 160 50 211 70 234 52 224 129 42 60 70 106 235 131 88 239 239 98 41 161 48 143 191 18 201 150 1 219 23 160 0 163 21 64 253 151 8 49 252 193 77 143 227 194 170 132 121 79 29 239 215 164 1 168 21 234 8 198 41 82 99 31 179 17 165 95 184 197 252 108 125 245 169
100 93 219 195 99 160 167 113 17 120 80 115 108 152 91 242 188 242 105 142 2 46 78 149 203 253 228 2 231 98 193 200 173 104 139 179 231 153 143 53 139 83 253 241 191 225 127 115 251 241 40 220 197 211 9 240 253 227 62 106 235 8 219 54 152 54 2 47 44 50 57 204 77 36 104 76 219 49 250 89
222 254 180 254 115 121 104 90 85 95 104 215 198 197 202 39 149 243 150 247 177 24 153 223 12 104 98 112 43 230 167 253 249 16 0 99 62 140 23 147 76 110 102 185 172 27 180 219 42 112 165 62 32 72 137 209 239 30 5 249 125 35 103 0 181 79 68 47 177 16 110 159 133 200 183 38 85 212 54 202
194 251 247 105 125 42 154 174 17 185 59 239 70 179 122 34 144 164 233 177 199 200 39 42 190 194 164 155 107 44 241 251 220 66 29 70 21 52 135 210 160 33 185 249 140 205 163 245 68 239 141 230 13 170 129 178 149 193 100 3 11 201 158 72 44 55 244 45 39 234 101 79 232 85 128 16 115 78 159 255
133 129 95 127 97 194 127 35 209 61 63 123 101 11 20 124 65 173 10 221 204 50 78 99 138 178 184 129 172 192 193 244 127 243 178 179 246 97 167 74 73 69 9 72 238 80 191 140 163 144 9 77 221 72 60 187 147 208 109 53 245 99 191 35 146 61 250 220 105 175 239 0 43 146 180 86 85 248 114 193
29 46 79 35 157 26 106 169 241 18 98 99 221 182 140 223 124 76 128 165 175 93 69 54 103 166 210 135 71 45 214 86 43 192 245 73 25 91 83 147 114 15 141 165 4 160 34 178 30 211 218 67 249 109 9 170 80 77 72 77 247 170 99 134 183 172 153 132 145 126 159 91 20 145 210 72 197 254 6 211
55 198 83 1 99 233 13 127 146 227 203 162 189 88 120 163 32 171 40 251 90 100 30 173 234 28 18 149 249 244 39 105 32 138 224 106 90 52 244 193 39 177 135 146 71 206 10 151 164 37 66 83 13 2 20 87 158 130 79 208 129 70 105 75 51 28 226 95 237 199 175 241 100 104 14 75 73 48 201 224
52 102 130 153 233 253 129 189 121 37 72 170 2 237 27 139 184 214 59 225 17 160 203 13 230 221 145 237 133 84 150 182 165 38 150 26 30 167 79 43 234 106 80 145 72 233 174 33 229 88 124 106 228 39 6 37 24 166 45 247 41 168 44 197 247 66 131 225 120 125 65 36 175 251 74 3 111 15 139 168
239 202 78 109 236 88 192 149 56 16 57 69 194 141 91 46 97 185 40 94 171 21 88 20 6 224 143 7 178 237 254 186 128 240 117 207 59 73 121 142 255 16 192 204 11 125 39 222 161 254 80 72 131 163 103 226 98 182 78 113 25 181 77 50 63 41 82 194 65 199 0 121 205 97 72 89 23 175 214 11
83 157 170 187 14 246 41 106 123 112 218 13 114 102 177 21 255 200 33 41 90 55 210 22 90 94 212 96 174 155 147 150 158 166 105 92 118 187 44 39 5 128 205 82 36 200 13 85 54 160 196 213 250 254 211 110 67 201 165 192 204 222 27 227 9 222 133 119 218 80 76 49 89 139 62 137 45 220 251 95
103 195 253 240 37 198 221 202 246 123 230 58 95 215 123 184 90 88 0 180 55 243 18 172 39 180 189 194 135 129 243 133 246 143 52 228 83 101 105 56 241 184 211 227 33 151 42 26 61 121 60 134 27 130 87 41 155 192 166 118 228 99 74 218 8 88 18 187 60 222 52 183 142 146 104 108 50 72 19 35
230 154 251 151 47 151 158 41 123 136 138 55 90 152 62 233 229 187 85 58 109 181 50 197 175 180 23 109 133 170 28 252 112 168 77 208 108 47 252 181 25 49 47 19 108 57 209 232 56 99 68 88 41 182 195 167 57 19 33 17 88 8 21 8 71 125 116 63 104 96 54 168 28 146 9 245 168 202 176 8
55 226 166 68 162 254 227 156 205 138 117 188 200 136 99 89 187 151 145 149 57 116 85 174 179 190 200 98 120 221 63 98 101 191 142 117 22 39 239 195 100 118 62 231 142 140 151 3 244 187 202 199 193 177 172 137 90 208 112 246 101 199 22 57 185 37 91 65 248 47 51 147 180 67 182 209 3 192 47 95
