252
105
177
209
245
106
149
213
229
91
229
179
92
40
57
1
193
93
17
59
120
250
160
196
255
122
4
166
30
131
57
163
245
160
167
234
107
162
13
20
231
181
36
242
24
0
157
155
238
213
204
245
161
129
194
177
180
137
81
242
91
217
165
137
44
90
106
181
64
138
100
248
5
223
104
252
20
77
42
93
90
104
211
53
242
22
125
121
214
96
241
188
218
186
222
150
110
162
98
50
195
1
184
152
18
251
132
36
115
243
98
254
49
204
168
2
170
214
56
80
229
35
8
19
18
52
82
247
15
232
242
132
30
36
64
205
137
168
246
242
90
212
197
19
181
253
112
245
255
24
207
63
92
171
153
76
112
69
92
218
245
133
113
59
134
119
160
136
228
64
216
223
57
186
221
220
87
167
76
73
58
158
160
172
211
9
28
13
73
245
182
124
121
183
254
193
174
188
8
103
30
9
74
50
130
48
251
177
148
193
248
199
56
41
202
123
231
208
122
164
78
105
129
123
155
222
73
16
73
228
63
102
227
115
246
143
255
250
136
74
48
252
126
179
12
93
254
240
149
73
36
132
164
81
97
196
232
176
150
219
114
116
240
140
99
255
96
6
3
96
192
181
216
156
85
181
79
24
113
71
103
71
192
238
124
222
159
90
33
42
92
157
243
223
171
131
2
130
169
216
181
94
40
77
176
162
21
72
70
170
134
131
92
111
59
181
116
9
251
177
234
7
165
99
177
201
5
186
61
21
20
191
135
181
8
150
242
231
46
178
200
193
199
234
50
42
51
90
110
158
48
167
71
174
10
0
105
6
20
171
