示例：5元布尔函数 10111110000111010001100001000111 的Walsh谱为
0,4,0,-4,8,4,8,-4,0,-12,0,-4,-8,4,8,-4,-8,-4,0,-4,0,-4,8,-4,-8,-4,0,12,0,-4,-8,-4,
给出16个点的谱值如下：
0,0  3,-4  4,8  7,-4  9,-12  10,0  13,4  14,8  17,-4  18,0  21,-4  22,8  24,-8  27,12  28,0  31,-4  
则可以得到如下 64个布尔函数 在上述16个点具有相同的谱值：（布尔函数真值表  16个谱点值  完整Walsh谱）
00101110000000011001101111010111  0,0  3,-4  4,8  7,-4  9,-12  10,0  13,4  14,8  17,-4  18,0  21,-4  22,8  24,-8  27,12  28,0  31,-4  0,0,4,-4,8,0,-4,-4,-4,-12,0,0,4,4,8,0,12,-4,0,8,4,-4,8,8,-8,0,-4,12,0,0,4,-4,
00101110000001011001100111010111  0,0  3,-4  4,8  7,-4  9,-12  10,0  13,4  14,8  17,-4  18,0  21,-4  22,8  24,-8  27,12  28,0  31,-4  0,4,0,-4,8,-4,0,-4,0,-12,0,-4,0,4,8,4,8,-4,0,12,8,-4,8,4,-8,-4,0,12,0,4,0,-4,
00101110000010011001101011010111  0,0  3,-4  4,8  7,-4  9,-12  10,0  13,4  14,8  17,-4  18,0  21,-4  22,8  24,-8  27,12  28,0  31,-4  0,-4,0,-4,8,4,0,-4,0,-12,0,4,0,4,8,-4,8,-4,0,4,8,-4,8,12,-8,4,0,12,0,-4,0,-4,
00101110000011011001100011010111  0,0  3,-4  4,8  7,-4  9,-12  10,0  13,4  14,8  17,-4  18,0  21,-4  22,8  24,-8  27,12  28,0  31,-4  0,0,-4,-4,8,0,4,-4,4,-12,0,0,-4,4,8,0,4,-4,0,8,12,-4,8,8,-8,0,4,12,0,0,-4,-4,
00101110000100010001101111010111  0,0  3,-4  4,8  7,-4  9,-12  10,0  13,4  14,8  17,-4  18,0  21,-4  22,8  24,-8  27,12  28,0  31,-4  0,4,8,-4,8,4,0,-4,0,-12,0,4,8,4,8,4,8,-4,0,4,0,-4,8,4,-8,-4,-8,12,0,-4,0,-4,
00101110000101010001100111010111  0,0  3,-4  4,8  7,-4  9,-12  10,0  13,4  14,8  17,-4  18,0  21,-4  22,8  24,-8  27,12  28,0  31,-4  0,8,4,-4,8,0,4,-4,4,-12,0,0,4,4,8,8,4,-4,0,8,4,-4,8,0,-8,-8,-4,12,0,0,-4,-4,
00101110000110010001101011010111  0,0  3,-4  4,8  7,-4  9,-12  10,0  13,4  14,8  17,-4  18,0  21,-4  22,8  24,-8  27,12  28,0  31,-4  0,0,4,-4,8,8,4,-4,4,-12,0,8,4,4,8,0,4,-4,0,0,4,-4,8,8,-8,0,-4,12,0,-8,-4,-4,
00101110000111010001100011010111  0,0  3,-4  4,8  7,-4  9,-12  10,0  13,4  14,8  17,-4  18,0  21,-4  22,8  24,-8  27,12  28,0  31,-4  0,4,0,-4,8,4,8,-4,8,-12,0,4,0,4,8,4,0,-4,0,4,8,-4,8,4,-8,-4,0,12,0,-4,-8,-4,
00101110100000011000101111010111  0,0  3,-4  4,8  7,-4  9,-12  10,0  13,4  14,8  17,-4  18,0  21,-4  22,8  24,-8  27,12  28,0  31,-4  0,-4,0,-4,8,-4,-8,-4,0,-12,0,4,8,4,8,4,8,-4,0,4,0,-4,8,4,-8,4,0,12,0,4,8,-4,
00101110100001011000100111010111  0,0  3,-4  4,8  7,-4  9,-12  10,0  13,4  14,8  17,-4  18,0  21,-4  22,8  24,-8  27,12  28,0  31,-4  0,0,-4,-4,8,-8,-4,-4,4,-12,0,0,4,4,8,8,4,-4,0,8,4,-4,8,0,-8,0,4,12,0,8,4,-4,
00101110100010011000101011010111  0,0  3,-4  4,8  7,-4  9,-12  10,0  13,4  14,8  17,-4  18,0  21,-4  22,8  24,-8  27,12  28,0  31,-4  0,-8,-4,-4,8,0,-4,-4,4,-12,0,8,4,4,8,0,4,-4,0,0,4,-4,8,8,-8,8,4,12,0,0,4,-4,
00101110100011011000100011010111  0,0  3,-4  4,8  7,-4  9,-12  10,0  13,4  14,8  17,-4  18,0  21,-4  22,8  24,-8  27,12  28,0  31,-4  0,-4,-8,-4,8,-4,0,-4,8,-12,0,4,0,4,8,4,0,-4,0,4,8,-4,8,4,-8,4,8,12,0,4,0,-4,
00101110100100010000101111010111  0,0  3,-4  4,8  7,-4  9,-12  10,0  13,4  14,8  17,-4  18,0  21,-4  22,8  24,-8  27,12  28,0  31,-4  0,0,4,-4,8,0,-4,-4,4,-12,0,8,12,4,8,8,4,-4,0,0,-4,-4,8,0,-8,0,-4,12,0,0,4,-4,
00101110100101010000100111010111  0,0  3,-4  4,8  7,-4  9,-12  10,0  13,4  14,8  17,-4  18,0  21,-4  22,8  24,-8  27,12  28,0  31,-4  0,4,0,-4,8,-4,0,-4,8,-12,0,4,8,4,8,12,0,-4,0,4,0,-4,8,-4,-8,-4,0,12,0,4,0,-4,
00101110100110010000101011010111  0,0  3,-4  4,8  7,-4  9,-12  10,0  13,4  14,8  17,-4  18,0  21,-4  22,8  24,-8  27,12  28,0  31,-4  0,-4,0,-4,8,4,0,-4,8,-12,0,12,8,4,8,4,0,-4,0,-4,0,-4,8,4,-8,4,0,12,0,-4,0,-4,
00101110100111010000100011010111  0,0  3,-4  4,8  7,-4  9,-12  10,0  13,4  14,8  17,-4  18,0  21,-4  22,8  24,-8  27,12  28,0  31,-4  0,0,-4,-4,8,0,4,-4,12,-12,0,8,4,4,8,8,-4,-4,0,0,4,-4,8,0,-8,0,4,12,0,0,-4,-4,
00111110000000011001101101010111  0,0  3,-4  4,8  7,-4  9,-12  10,0  13,4  14,8  17,-4  18,0  21,-4  22,8  24,-8  27,12  28,0  31,-4  0,4,8,-4,8,4,0,-4,-8,-12,0,-4,0,4,8,-4,8,-4,0,4,0,-4,8,4,-8,4,0,12,0,4,8,-4,
00111110000001011001100101010111  0,0  3,-4  4,8  7,-4  9,-12  10,0  13,4  14,8  17,-4  18,0  21,-4  22,8  24,-8  27,12  28,0  31,-4  0,8,4,-4,8,0,4,-4,-4,-12,0,-8,-4,4,8,0,4,-4,0,8,4,-4,8,0,-8,0,4,12,0,8,4,-4,
00111110000010011001101001010111  0,0  3,-4  4,8  7,-4  9,-12  10,0  13,4  14,8  17,-4  18,0  21,-4  22,8  24,-8  27,12  28,0  31,-4  0,0,4,-4,8,8,4,-4,-4,-12,0,0,-4,4,8,-8,4,-4,0,0,4,-4,8,8,-8,8,4,12,0,0,4,-4,
00111110000011011001100001010111  0,0  3,-4  4,8  7,-4  9,-12  10,0  13,4  14,8  17,-4  18,0  21,-4  22,8  24,-8  27,12  28,0  31,-4  0,4,0,-4,8,4,8,-4,0,-12,0,-4,-8,4,8,-4,0,-4,0,4,8,-4,8,4,-8,4,8,12,0,4,0,-4,
00111110000100010001101101010111  0,0  3,-4  4,8  7,-4  9,-12  10,0  13,4  14,8  17,-4  18,0  21,-4  22,8  24,-8  27,12  28,0  31,-4  0,8,12,-4,8,8,4,-4,-4,-12,0,0,4,4,8,0,4,-4,0,0,-4,-4,8,0,-8,0,-4,12,0,0,4,-4,
00111110000101010001100101010111  0,0  3,-4  4,8  7,-4  9,-12  10,0  13,4  14,8  17,-4  18,0  21,-4  22,8  24,-8  27,12  28,0  31,-4  0,12,8,-4,8,4,8,-4,0,-12,0,-4,0,4,8,4,0,-4,0,4,0,-4,8,-4,-8,-4,0,12,0,4,0,-4,
00111110000110010001101001010111  0,0  3,-4  4,8  7,-4  9,-12  10,0  13,4  14,8  17,-4  18,0  21,-4  22,8  24,-8  27,12  28,0  31,-4  0,4,8,-4,8,12,8,-4,0,-12,0,4,0,4,8,-4,0,-4,0,-4,0,-4,8,4,-8,4,0,12,0,-4,0,-4,
00111110000111010001100001010111  0,0  3,-4  4,8  7,-4  9,-12  10,0  13,4  14,8  17,-4  18,0  21,-4  22,8  24,-8  27,12  28,0  31,-4  0,8,4,-4,8,8,12,-4,4,-12,0,0,-4,4,8,0,-4,-4,0,0,4,-4,8,0,-8,0,4,12,0,0,-4,-4,
00111110100000011000101101010111  0,0  3,-4  4,8  7,-4  9,-12  10,0  13,4  14,8  17,-4  18,0  21,-4  22,8  24,-8  27,12  28,0  31,-4  0,0,4,-4,8,0,-4,-4,-4,-12,0,0,4,4,8,0,4,-4,0,0,-4,-4,8,0,-8,8,4,12,0,8,12,-4,
00111110100001011000100101010111  0,0  3,-4  4,8  7,-4  9,-12  10,0  13,4  14,8  17,-4  18,0  21,-4  22,8  24,-8  27,12  28,0  31,-4  0,4,0,-4,8,-4,0,-4,0,-12,0,-4,0,4,8,4,0,-4,0,4,0,-4,8,-4,-8,4,8,12,0,12,8,-4,
00111110100010011000101001010111  0,0  3,-4  4,8  7,-4  9,-12  10,0  13,4  14,8  17,-4  18,0  21,-4  22,8  24,-8  27,12  28,0  31,-4  0,-4,0,-4,8,4,0,-4,0,-12,0,4,0,4,8,-4,0,-4,0,-4,0,-4,8,4,-8,12,8,12,0,4,8,-4,
00111110100011011000100001010111  0,0  3,-4  4,8  7,-4  9,-12  10,0  13,4  14,8  17,-4  18,0  21,-4  22,8  24,-8  27,12  28,0  31,-4  0,0,-4,-4,8,0,4,-4,4,-12,0,0,-4,4,8,0,-4,-4,0,0,4,-4,8,0,-8,8,12,12,0,8,4,-4,
00111110100100010000101101010111  0,0  3,-4  4,8  7,-4  9,-12  10,0  13,4  14,8  17,-4  18,0  21,-4  22,8  24,-8  27,12  28,0  31,-4  0,4,8,-4,8,4,0,-4,0,-12,0,4,8,4,8,4,0,-4,0,-4,-8,-4,8,-4,-8,4,0,12,0,4,8,-4,
00111110100101010000100101010111  0,0  3,-4  4,8  7,-4  9,-12  10,0  13,4  14,8  17,-4  18,0  21,-4  22,8  24,-8  27,12  28,0  31,-4  0,8,4,-4,8,0,4,-4,4,-12,0,0,4,4,8,8,-4,-4,0,0,-4,-4,8,-8,-8,0,4,12,0,8,4,-4,
00111110100110010000101001010111  0,0  3,-4  4,8  7,-4  9,-12  10,0  13,4  14,8  17,-4  18,0  21,-4  22,8  24,-8  27,12  28,0  31,-4  0,0,4,-4,8,8,4,-4,4,-12,0,8,4,4,8,0,-4,-4,0,-8,-4,-4,8,0,-8,8,4,12,0,0,4,-4,
00111110100111010000100001010111  0,0  3,-4  4,8  7,-4  9,-12  10,0  13,4  14,8  17,-4  18,0  21,-4  22,8  24,-8  27,12  28,0  31,-4  0,4,0,-4,8,4,8,-4,8,-12,0,4,0,4,8,4,-8,-4,0,-4,0,-4,8,-4,-8,4,8,12,0,4,0,-4,
10101110000000011001101111000111  0,0  3,-4  4,8  7,-4  9,-12  10,0  13,4  14,8  17,-4  18,0  21,-4  22,8  24,-8  27,12  28,0  31,-4  0,-4,0,-4,8,-4,-8,-4,-8,-12,0,-4,0,4,8,-4,8,-4,0,4,0,-4,8,4,-8,-4,-8,12,0,-4,0,-4,
10101110000001011001100111000111  0,0  3,-4  4,8  7,-4  9,-12  10,0  13,4  14,8  17,-4  18,0  21,-4  22,8  24,-8  27,12  28,0  31,-4  0,0,-4,-4,8,-8,-4,-4,-4,-12,0,-8,-4,4,8,0,4,-4,0,8,4,-4,8,0,-8,-8,-4,12,0,0,-4,-4,
10101110000010011001101011000111  0,0  3,-4  4,8  7,-4  9,-12  10,0  13,4  14,8  17,-4  18,0  21,-4  22,8  24,-8  27,12  28,0  31,-4  0,-8,-4,-4,8,0,-4,-4,-4,-12,0,0,-4,4,8,-8,4,-4,0,0,4,-4,8,8,-8,0,-4,12,0,-8,-4,-4,
10101110000011011001100011000111  0,0  3,-4  4,8  7,-4  9,-12  10,0  13,4  14,8  17,-4  18,0  21,-4  22,8  24,-8  27,12  28,0  31,-4  0,-4,-8,-4,8,-4,0,-4,0,-12,0,-4,-8,4,8,-4,0,-4,0,4,8,-4,8,4,-8,-4,0,12,0,-4,-8,-4,
10101110000100010001101111000111  0,0  3,-4  4,8  7,-4  9,-12  10,0  13,4  14,8  17,-4  18,0  21,-4  22,8  24,-8  27,12  28,0  31,-4  0,0,4,-4,8,0,-4,-4,-4,-12,0,0,4,4,8,0,4,-4,0,0,-4,-4,8,0,-8,-8,-12,12,0,-8,-4,-4,
10101110000101010001100111000111  0,0  3,-4  4,8  7,-4  9,-12  10,0  13,4  14,8  17,-4  18,0  21,-4  22,8  24,-8  27,12  28,0  31,-4  0,4,0,-4,8,-4,0,-4,0,-12,0,-4,0,4,8,4,0,-4,0,4,0,-4,8,-4,-8,-12,-8,12,0,-4,-8,-4,
10101110000110010001101011000111  0,0  3,-4  4,8  7,-4  9,-12  10,0  13,4  14,8  17,-4  18,0  21,-4  22,8  24,-8  27,12  28,0  31,-4  0,-4,0,-4,8,4,0,-4,0,-12,0,4,0,4,8,-4,0,-4,0,-4,0,-4,8,4,-8,-4,-8,12,0,-12,-8,-4,
10101110000111010001100011000111  0,0  3,-4  4,8  7,-4  9,-12  10,0  13,4  14,8  17,-4  18,0  21,-4  22,8  24,-8  27,12  28,0  31,-4  0,0,-4,-4,8,0,4,-4,4,-12,0,0,-4,4,8,0,-4,-4,0,0,4,-4,8,0,-8,-8,-4,12,0,-8,-12,-4,
10101110100000011000101111000111  0,0  3,-4  4,8  7,-4  9,-12  10,0  13,4  14,8  17,-4  18,0  21,-4  22,8  24,-8  27,12  28,0  31,-4  0,-8,-4,-4,8,-8,-12,-4,-4,-12,0,0,4,4,8,0,4,-4,0,0,-4,-4,8,0,-8,0,-4,12,0,0,4,-4,
10101110100001011000100111000111  0,0  3,-4  4,8  7,-4  9,-12  10,0  13,4  14,8  17,-4  18,0  21,-4  22,8  24,-8  27,12  28,0  31,-4  0,-4,-8,-4,8,-12,-8,-4,0,-12,0,-4,0,4,8,4,0,-4,0,4,0,-4,8,-4,-8,-4,0,12,0,4,0,-4,
10101110100010011000101011000111  0,0  3,-4  4,8  7,-4  9,-12  10,0  13,4  14,8  17,-4  18,0  21,-4  22,8  24,-8  27,12  28,0  31,-4  0,-12,-8,-4,8,-4,-8,-4,0,-12,0,4,0,4,8,-4,0,-4,0,-4,0,-4,8,4,-8,4,0,12,0,-4,0,-4,
10101110100011011000100011000111  0,0  3,-4  4,8  7,-4  9,-12  10,0  13,4  14,8  17,-4  18,0  21,-4  22,8  24,-8  27,12  28,0  31,-4  0,-8,-12,-4,8,-8,-4,-4,4,-12,0,0,-4,4,8,0,-4,-4,0,0,4,-4,8,0,-8,0,4,12,0,0,-4,-4,
10101110100100010000101111000111  0,0  3,-4  4,8  7,-4  9,-12  10,0  13,4  14,8  17,-4  18,0  21,-4  22,8  24,-8  27,12  28,0  31,-4  0,-4,0,-4,8,-4,-8,-4,0,-12,0,4,8,4,8,4,0,-4,0,-4,-8,-4,8,-4,-8,-4,-8,12,0,-4,0,-4,
10101110100101010000100111000111  0,0  3,-4  4,8  7,-4  9,-12  10,0  13,4  14,8  17,-4  18,0  21,-4  22,8  24,-8  27,12  28,0  31,-4  0,0,-4,-4,8,-8,-4,-4,4,-12,0,0,4,4,8,8,-4,-4,0,0,-4,-4,8,-8,-8,-8,-4,12,0,0,-4,-4,
10101110100110010000101011000111  0,0  3,-4  4,8  7,-4  9,-12  10,0  13,4  14,8  17,-4  18,0  21,-4  22,8  24,-8  27,12  28,0  31,-4  0,-8,-4,-4,8,0,-4,-4,4,-12,0,8,4,4,8,0,-4,-4,0,-8,-4,-4,8,0,-8,0,-4,12,0,-8,-4,-4,
10101110100111010000100011000111  0,0  3,-4  4,8  7,-4  9,-12  10,0  13,4  14,8  17,-4  18,0  21,-4  22,8  24,-8  27,12  28,0  31,-4  0,-4,-8,-4,8,-4,0,-4,8,-12,0,4,0,4,8,4,-8,-4,0,-4,0,-4,8,-4,-8,-4,0,12,0,-4,-8,-4,
10111110000000011001101101000111  0,0  3,-4  4,8  7,-4  9,-12  10,0  13,4  14,8  17,-4  18,0  21,-4  22,8  24,-8  27,12  28,0  31,-4  0,0,4,-4,8,0,-4,-4,-12,-12,0,-8,-4,4,8,-8,4,-4,0,0,-4,-4,8,0,-8,0,-4,12,0,0,4,-4,
10111110000001011001100101000111  0,0  3,-4  4,8  7,-4  9,-12  10,0  13,4  14,8  17,-4  18,0  21,-4  22,8  24,-8  27,12  28,0  31,-4  0,4,0,-4,8,-4,0,-4,-8,-12,0,-12,-8,4,8,-4,0,-4,0,4,0,-4,8,-4,-8,-4,0,12,0,4,0,-4,
10111110000010011001101001000111  0,0  3,-4  4,8  7,-4  9,-12  10,0  13,4  14,8  17,-4  18,0  21,-4  22,8  24,-8  27,12  28,0  31,-4  0,-4,0,-4,8,4,0,-4,-8,-12,0,-4,-8,4,8,-12,0,-4,0,-4,0,-4,8,4,-8,4,0,12,0,-4,0,-4,
10111110000011011001100001000111  0,0  3,-4  4,8  7,-4  9,-12  10,0  13,4  14,8  17,-4  18,0  21,-4  22,8  24,-8  27,12  28,0  31,-4  0,0,-4,-4,8,0,4,-4,-4,-12,0,-8,-12,4,8,-8,-4,-4,0,0,4,-4,8,0,-8,0,4,12,0,0,-4,-4,
10111110000100010001101101000111  0,0  3,-4  4,8  7,-4  9,-12  10,0  13,4  14,8  17,-4  18,0  21,-4  22,8  24,-8  27,12  28,0  31,-4  0,4,8,-4,8,4,0,-4,-8,-12,0,-4,0,4,8,-4,0,-4,0,-4,-8,-4,8,-4,-8,-4,-8,12,0,-4,0,-4,
10111110000101010001100101000111  0,0  3,-4  4,8  7,-4  9,-12  10,0  13,4  14,8  17,-4  18,0  21,-4  22,8  24,-8  27,12  28,0  31,-4  0,8,4,-4,8,0,4,-4,-4,-12,0,-8,-4,4,8,0,-4,-4,0,0,-4,-4,8,-8,-8,-8,-4,12,0,0,-4,-4,
10111110000110010001101001000111  0,0  3,-4  4,8  7,-4  9,-12  10,0  13,4  14,8  17,-4  18,0  21,-4  22,8  24,-8  27,12  28,0  31,-4  0,0,4,-4,8,8,4,-4,-4,-12,0,0,-4,4,8,-8,-4,-4,0,-8,-4,-4,8,0,-8,0,-4,12,0,-8,-4,-4,
10111110000111010001100001000111  0,0  3,-4  4,8  7,-4  9,-12  10,0  13,4  14,8  17,-4  18,0  21,-4  22,8  24,-8  27,12  28,0  31,-4  0,4,0,-4,8,4,8,-4,0,-12,0,-4,-8,4,8,-4,-8,-4,0,-4,0,-4,8,-4,-8,-4,0,12,0,-4,-8,-4,
10111110100000011000101101000111  0,0  3,-4  4,8  7,-4  9,-12  10,0  13,4  14,8  17,-4  18,0  21,-4  22,8  24,-8  27,12  28,0  31,-4  0,-4,0,-4,8,-4,-8,-4,-8,-12,0,-4,0,4,8,-4,0,-4,0,-4,-8,-4,8,-4,-8,4,0,12,0,4,8,-4,
10111110100001011000100101000111  0,0  3,-4  4,8  7,-4  9,-12  10,0  13,4  14,8  17,-4  18,0  21,-4  22,8  24,-8  27,12  28,0  31,-4  0,0,-4,-4,8,-8,-4,-4,-4,-12,0,-8,-4,4,8,0,-4,-4,0,0,-4,-4,8,-8,-8,0,4,12,0,8,4,-4,
10111110100010011000101001000111  0,0  3,-4  4,8  7,-4  9,-12  10,0  13,4  14,8  17,-4  18,0  21,-4  22,8  24,-8  27,12  28,0  31,-4  0,-8,-4,-4,8,0,-4,-4,-4,-12,0,0,-4,4,8,-8,-4,-4,0,-8,-4,-4,8,0,-8,8,4,12,0,0,4,-4,
10111110100011011000100001000111  0,0  3,-4  4,8  7,-4  9,-12  10,0  13,4  14,8  17,-4  18,0  21,-4  22,8  24,-8  27,12  28,0  31,-4  0,-4,-8,-4,8,-4,0,-4,0,-12,0,-4,-8,4,8,-4,-8,-4,0,-4,0,-4,8,-4,-8,4,8,12,0,4,0,-4,
10111110100100010000101101000111  0,0  3,-4  4,8  7,-4  9,-12  10,0  13,4  14,8  17,-4  18,0  21,-4  22,8  24,-8  27,12  28,0  31,-4  0,0,4,-4,8,0,-4,-4,-4,-12,0,0,4,4,8,0,-4,-4,0,-8,-12,-4,8,-8,-8,0,-4,12,0,0,4,-4,
10111110100101010000100101000111  0,0  3,-4  4,8  7,-4  9,-12  10,0  13,4  14,8  17,-4  18,0  21,-4  22,8  24,-8  27,12  28,0  31,-4  0,4,0,-4,8,-4,0,-4,0,-12,0,-4,0,4,8,4,-8,-4,0,-4,-8,-4,8,-12,-8,-4,0,12,0,4,0,-4,
10111110100110010000101001000111  0,0  3,-4  4,8  7,-4  9,-12  10,0  13,4  14,8  17,-4  18,0  21,-4  22,8  24,-8  27,12  28,0  31,-4  0,-4,0,-4,8,4,0,-4,0,-12,0,4,0,4,8,-4,-8,-4,0,-12,-8,-4,8,-4,-8,4,0,12,0,-4,0,-4,
10111110100111010000100001000111  0,0  3,-4  4,8  7,-4  9,-12  10,0  13,4  14,8  17,-4  18,0  21,-4  22,8  24,-8  27,12  28,0  31,-4  0,0,-4,-4,8,0,4,-4,4,-12,0,0,-4,4,8,0,-12,-4,0,-8,-4,-4,8,-8,-8,0,4,12,0,0,-4,-4,
