143 55 89 108 94 61 24 9 161 204 249 52 199 75 45 29 122 30 84 228 192 53 246 79 159 65 141 241 27 40 41 192 42 141 79 123 84 39 38 107 107 104 252 139 93 185 89 100 209 122 161 29 214 201 41 99 79 63 141 173 171 153 235 186 3 118 177 146 168 157 200 96 134 42 62 93 181 76 159 250 136 72 216 150 99 171 150 11 90 36
15 175 157 95 75 13 144 70 204 43 236 11 227 41 96 4 117 15 206 103 249 93 2 175 189 226 28 69 42 42 126 108 246 133 12 117 168 163 255 197 15 222 132 21 220 35 207 63 100 232 247 253 226 225 215 169 39 196 194 184 105 190 178 246 243 175 243 172 84 88 48 191 204 226 35 109 137 101 43 224 110 156 28 207 148 95 22 50 242 51
255 149 216 160 35 61 128 183 173 84 80 3 87 36 78 212 131 11 85 59 128 70 106 86 8 78 53 91 187 131 194 96 140 109 162 227 69 224 82 161 131 133 170 191 145 226 216 208 185 133 105 87 224 98 181 58 116 41 220 95 195 181 93 136 37 236 14 153 248 72 171 224 197 224 185 169 213 223 38 26 108 179 21 49 24 72 171 117 18 249
181 213 118 46 19 242 8 30 71 36 86 8 63 84 219 187 47 159 151 153 63 117 142 23 245 78 72 144 187 133 166 170 80 248 239 17 167 142 110 161 124 139 243 212 245 139 228 121 18 68 117 5 195 253 136 134 34 202 173 20 201 109 118 36 6 1 245 100 35 200 207 162 95 135 4 22 124 90 47 33 5 100 33 223 243 27 245 50 236 173
100 98 167 92 205 69 171 208 130 7 68 215 204 33 30 187 194 38 111 143 86 253 205 175 238 38 40 231 254 235 89 184 144 105 254 15 21 53 163 180 32 194 146 216 109 83 20 10 242 22 0 246 127 37 134 196 44 112 62 131 195 108 56 146 220 104 173 157 111 251 139 127 242 50 49 210 212 159 75 59 28 100 221 3 174 127 110 113 46 165
105 213 198 134 224 218 50 112 119 166 191 171 178 12 87 85 179 178 103 80 138 208 106 89 196 129 64 28 227 40 232 77 53 142 72 90 240 105 0 41 209 155 46 245 238 219 203 71 181 11 160 197 189 48 219 164 79 123 43 87 201 7 57 84 0 96 233 60 94 148 68 185 26 33 151 156 27 10 42 81 28 139 212 198 55 199 100 81 187 77
104 32 226 70 177 135 66 247 89 124 208 152 46 226 174 216 6 242 199 77 247 204 152 140 92 99 52 148 9 59 135 168 80 3 251 113 138 65 163 39 92 126 123 9 184 163 20 136 156 174 250 240 210 240 104 71 138 204 250 107 223 96 18 253 60 182 184 72 232 77 243 175 3 233 110 126 244 73 103 215 137 29 51 115 125 183 170 147 167 134
184 100 251 73 197 220 89 77 74 189 7 210 174 6 116 217 130 231 124 42 216 253 34 93 87 34 71 63 249 95 36 32 12 157 120 88 69 35 218 34 212 156 204 184 209 3 147 218 235 87 41 127 199 254 163 248 80 17 91 66 164 200 55 13 138 158 66 230 170 195 71 90 202 159 121 123 7 14 120 111 84 181 17 213 255 94 177 8 55 49
144 5 213 71 126 147 123 140 99 71 155 170 68 20 75 108 243 11 166 168 162 226 31 26 93 29 36 144 148 74 208 45 165 82 54 139 20 121 133 187 62 41 77 132 66 223 11 25 121 180 80 206 118 38 82 37 114 150 9 32 215 48 135 25 185 233 61 229 72 137 2 12 95 51 73 55 90 137 124 190 25 221 116 227 228 13 83 213 225 220
57 74 241 133 208 236 32 210 75 66 115 112 153 180 85 226 186 79 161 108 11 8 85 116 244 231 44 216 55 121 236 11 243 96 21 114 207 243 4 254 38 240 220 161 64 75 142 251 172 107 80 224 192 127 215 206 75 151 191 212 128 108 122 134 70 152 151 26 95 230 150 198 102 132 75 45 31 11 90 237 86 39 145 130 83 160 28 107 104 96
83 239 116 79 251 200 20 213 178 136 161 27 60 138 56 156 80 181 90 62 177 1 117 248 105 126 58 72 59 27 114 150 37 241 183 164 4 25 142 32 118 20 202 165 68 79 105 66 205 106 231 238 137 135 28 26 216 225 115 81 143 156 0 34 64 217 14 91 131 229 29 29 171 100 95 82 164 60 165 51 32 200 185 67 70 101 142 0 116 14
163 92 92 174 119 168 180 82 226 112 73 89 180 203 53 186 205 198 125 0 20 80 34 218 120 48 101 128 142 188 185 75 129 206 7 185 45 21 32 218 23 207 127 97 46 98 120 58 154 140 104 19 104 180 64 110 147 2 245 82 172 175 239 86 87 128 190 28 245 203 230 155 250 167 212 14 156 241 100 207 253 30 206 253 138 52 60 86 114 99
68 251 55 84 237 241 23 190 23 78 229 38 233 120 99 29 151 162 73 13 51 6 151 100 136 46 2 74 233 60 163 59 132 205 166 158 186 43 135 248 103 208 97 151 232 215 146 89 252 33 245 196 246 29 131 14 123 250 155 34 183 70 73 155 88 176 110 55 145 109 10 31 33 10 177 8 202 62 160 191 17 119 182 73 10 61 42 17 155 124
5 160 245 135 108 244 90 168 220 162 217 15 141 42 70 116 237 202 7 121 215 151 143 247 41 254 4 237 224 215 49 89 154 61 220 42 129 219 162 178 132 184 107 7 106 39 148 19 50 192 148 87 240 132 209 178 75 203 238 135 111 25 204 79 228 83 11 203 53 124 19 221 111 49 25 45 136 67 62 175 252 59 198 83 156 240 147 117 151 160
189 209 206 83 249 109 199 100 180 69 139 225 169 95 151 241 121 243 170 243 251 209 214 147 202 110 20 195 230 151 251 40 121 161 164 143 9 168 230 143 11 28 247 88 127 187 246 114 233 36 78 62 127 194 170 70 171 228 78 99 14 110 249 57 75 174 14 120 37 91 46 41 86 72 6 228 79 123 45 207 187 245 4 45 135 85 212 86 171 116
147 153 107 227 150 114 154 110 135 148 60 86 133 126 206 229 73 34 186 27 87 216 181 1 95 96 69 97 251 48 160 253 216 167 244 103 46 61 56 171 94 146 148 238 104 111 106 132 22 110 12 103 210 31 180 200 185 29 70 218 232 188 120 133 120 55 204 163 110 75 207 212 50 246 206 210 196 24 192 144 30 47 224 255 13 33 224 1 40 254
216 245 15 210 146 170 190 37 61 158 53 32 130 132 113 247 0 227 76 84 107 130 98 151 133 99 57 126 206 195 90 4 195 11 243 51 230 35 26 97 19 153 62 66 61 53 84 150 107 176 6 195 218 230 138 234 46 11 83 119 211 48 228 97 63 60 253 130 2 163 219 41 217 107 234 49 38 70 82 174 101 93 130 128 220 248 163 18 162 53
210 50 64 110 246 35 108 194 128 159 163 72 195 134 239 69 108 23 175 95 29 153 173 15 126 139 210 54 222 190 206 181 39 90 202 138 122 107 55 62 226 28 34 147 69 157 65 47 85 233 21 6 169 75 41 189 52 40 34 108 68 106 234 217 6 10 124 239 192 202 255 127 124 34 34 233 70 2 112 32 244 64 132 223 216 4 187 36 134 115
173 183 190 99 102 138 53 44 24 214 135 87 13 216 43 137 244 60 107 121 216 90 123 67 19 248 123 71 168 51 234 203 144 122 61 26 123 75 112 168 119 163 72 77 199 166 37 247 238 78 214 253 70 9 240 115 4 32 185 76 46 75 129 5 116 94 66 107 170 9 244 208 187 129 225 71 103 215 243 93 227 72 105 216 121 231 39 72 224 248
109 99 206 69 231 105 104 146 237 39 88 135 182 27 82 84 81 139 246 54 0 41 27 240 138 83 150 72 10 219 124 85 106 8 76 167 122 147 61 71 200 185 223 206 25 247 11 133 97 154 188 170 147 110 55 205 217 16 138 80 52 244 101 234 45 204 82 68 186 43 6 54 50 224 247 196 250 65 117 151 174 99 59 127 186 218 24 38 196 173
107 187 242 117 179 87 96 115 159 18 203 35 230 202 81 182 236 42 143 236 47 57 226 115 59 125 141 10 105 28 121 208 107 180 9 102 213 252 66 240 239 37 24 249 53 200 240 211 107 60 20 92 77 6 12 165 131 93 1 226 120 237 158 154 38 109 42 31 96 249 161 70 197 250 65 255 253 106 181 208 19 132 6 70 138 249 209 139 25 185
87 58 78 54 164 237 35 27 207 49 62 253 53 148 121 27 79 176 49 74 45 102 183 64 181 229 112 27 13 65 209 31 122 8 180 33 132 22 163 133 163 87 178 33 79 134 30 50 206 140 155 126 101 44 63 149 114 250 213 252 16 206 118 223 59 242 243 117 85 62 4 1 17 226 69 55 109 164 231 46 42 53 131 191 41 159 225 157 132 9
69 99 241 141 147 135 247 74 238 175 42 182 21 2 191 21 60 217 249 209 108 251 157 144 249 123 22 85 228 141 234 45 45 25 113 11 180 19 209 122 47 172 222 96 70 220 98 158 151 151 194 1 96 95 6 79 162 169 164 223 106 158 169 35 51 192 123 138 170 234 216 150 66 23 61 58 23 182 248 237 52 244 172 97 28 140 1 247 99 140
44 250 59 160 222 64 101 20 210 70 184 195 14 219 168 106 199 98 78 163 35 68 50 232 25 150 220 187 106 8 219 7 196 189 200 197 148 188 33 198 202 5 19 108 210 102 28 207 91 201 163 164 171 68 47 8 10 204 126 194 104 98 152 253 121 60 216 206 242 190 169 103 20 126 177 203 25 59 116 234 217 138 41 119 51 9 189 179 137 8
137 42 135 211 246 173 44 251 46 59 88 203 1 74 31 248 65 38 196 117 150 73 106 117 160 54 205 242 47 31 220 144 238 89 101 175 70 51 37 67 118 15 237 119 2 69 99 136 151 196 183 11 220 27 104 204 236 110 22 131 12 159 143 156 88 34 98 154 237 138 127 103 206 50 175 90 104 226 216 255 179 24 221 180 167 73 178 101 43 153
76 121 90 148 44 246 161 253 19 32 144 46 192 29 175 35 239 184 139 90 35 174 106 213 114 58 115 168 242 103 124 138 229 254 243 112 90 212 222 204 71 84 141 223 40 240 0 169 7 120 241 105 192 89 113 48 178 13 41 202 139 174 170 253 168 90 234 143 254 107 172 116 36 74 62 117 40 84 35 100 73 149 243 226 209 181 119 204 22 59
42 222 144 164 188 251 74 30 221 100 85 223 32 163 35 19 83 225 80 159 21 250 203 229 99 184 193 4 71 233 51 49 164 210 18 235 98 83 215 223 222 201 169 121 13 197 224 8 152 16 221 141 6 221 74 97 39 93 209 0 17 224 1 30 154 30 141 254 216 32 132 239 6 101 15 208 55 126 67 10 31 21 0 157 4 131 115 120 72 248
185 84 253 252 178 112 234 78 156 52 86 166 217 76 57 65 195 46 45 10 214 56 92 111 124 10 64 218 189 244 219 221 216 71 123 166 116 127 31 193 30 61 142 230 182 175 204 81 12 236 196 189 180 2 225 116 235 182 121 119 20 125 107 236 248 46 202 1 192 136 82 180 253 182 28 230 59 53 179 21 132 236 18 130 96 179 81 238 218 209
219 115 181 192 159 173 204 141 129 212 123 6 162 12 209 106 154 74 169 109 135 128 2 63 206 115 171 138 219 178 58 92 50 96 33 79 14 252 159 65 196 135 116 107 150 214 196 168 23 51 19 230 254 103 124 82 93 16 19 241 193 18 44 179 159 228 146 87 147 179 13 43 192 51 79 210 53 75 185 215 54 252 0 21 169 34 37 85 210 169
103 167 213 229 187 55 59 141 98 31 85 137 3 77 8 109 73 55 69 253 73 167 53 240 176 49 123 175 202 5 161 63 99 147 229 147 202 82 178 136 55 162 63 130 190 218 140 105 31 37 64 53 195 201 103 159 150 179 200 228 128 114 137 154 111 186 154 67 188 125 241 208 3 126 150 7 111 84 189 177 229 117 156 106 205 164 235 80 200 73
223 111 230 80 30 136 45 159 146 185 241 119 254 123 158 153 83 200 9 238 23 158 38 253 47 97 236 254 232 66 27 246 116 219 65 104 165 62 4 150 228 49 203 137 167 150 243 98 157 93 150 70 182 104 37 6 148 156 142 119 154 181 113 7 227 194 60 151 253 205 56 90 113 189 245 26 63 248 116 14 244 16 65 14 93 129 203 170 95 106
5 161 89 195 129 237 164 136 41 55 104 96 172 3 205 1 119 150 241 132 104 213 73 191 135 48 152 48 20 137 36 154 127 164 225 48 140 30 34 129 29 91 227 123 178 53 196 97 212 124 41 131 164 95 154 205 58 227 226 126 113 192 49 226 48 227 54 195 34 215 3 40 168 68 36 118 250 111 57 19 248 227 145 114 167 125 236 90 36 53
44 106 51 135 19 200 77 54 139 113 239 252 131 150 159 208 7 98 74 112 222 234 44 26 35 205 157 118 54 180 196 234 141 75 72 222 9 145 83 210 175 184 25 147 160 38 57 34 161 200 49 9 41 123 14 184 50 193 113 153 209 62 248 234 96 170 46 44 249 13 106 158 251 137 161 88 50 48 252 67 218 32 3 218 61 241 160 152 5 123
182 123 209 212 75 219 5 34 84 196 182 47 98 137 16 255 103 69 131 212 64 48 21 186 234 15 79 219 193 0 248 217 217 244 145 85 34 72 5 123 34 76 164 159 1 206 94 253 99 250 121 7 90 13 229 254 123 151 249 245 178 135 113 115 67 240 72 125 14 219 113 125 181 237 162 178 134 186 173 210 82 106 143 144 220 0 137 242 113 151
118 138 131 113 191 150 79 227 50 57 192 185 15 9 180 88 110 124 234 71 210 30 22 133 74 254 71 253 85 181 41 201 104 115 71 149 136 120 16 5 209 48 42 62 171 129 250 21 73 122 229 14 222 107 65 45 131 181 255 228 46 136 151 208 141 105 96 200 235 87 32 244 197 232 199 15 229 31 112 208 69 51 242 27 188 92 246 46 189 204
194 221 70 202 70 239 118 226 180 150 84 223 210 19 202 103 211 199 160 126 12 207 106 204 29 236 79 48 173 112 195 188 116 182 91 136 111 9 4 173 36 107 144 182 19 103 163 190 43 98 143 42 132 236 192 214 223 248 104 158 33 41 205 195 80 24 231 73 123 223 235 22 237 37 46 220 244 180 39 10 238 242 131 72 91 217 243 160 109 11
161 230 176 126 222 42 50 161 21 249 144 52 158 38 239 58 247 15 121 76 166 49 66 52 205 84 59 230 102 238 65 120 131 135 224 69 176 40 202 208 49 164 201 149 13 247 6 217 111 54 145 219 34 240 173 61 127 191 150 43 88 210 131 210 85 99 31 55 22 171 24 67 232 44 76 1 152 201 115 110 152 236 37 34 205 65 222 49 148 195
118 200 49 17 168 219 253 124 32 169 200 33 158 175 103 146 212 215 143 16 197 39 64 120 249 38 35 148 56 30 205 136 224 57 251 232 145 227 64 37 232 154 218 228 10 123 43 80 252 141 0 168 219 132 184 223 96 251 192 81 2 90 34 224 140 58 75 241 253 167 150 195 9 120 85 64 18 95 143 29 173 21 147 81 19 242 66 123 88 19
81 99 122 184 70 69 180 202 133 251 24 77 65 5 15 73 166 9 180 25 187 200 26 207 38 254 5 184 77 238 236 195 104 22 135 159 138 64 194 3 255 116 111 8 144 233 109 178 1 102 69 137 73 77 220 248 197 56 204 130 38 7 142 238 46 135 171 110 17 126 230 40 10 164 224 83 88 34 181 151 46 137 196 185 215 219 152 134 59 223
116 137 240 4 197 52 237 138 16 24 79 228 27 64 65 89 162 26 28 90 70 44 123 239 63 52 97 120 113 216 64 100 164 159 189 36 131 54 16 75 238 250 246 248 136 47 106 122 171 157 231 132 161 16 100 58 96 16 111 216 228 204 201 19 229 31 39 192 14 156 221 0 209 193 128 214 57 64 200 73 153 246 177 212 80 120 215 8 183 130
103 86 126 15 82 190 235 24 194 89 60 228 182 95 157 41 33 64 181 220 114 164 33 16 80 74 47 46 191 16 122 43 217 98 229 82 144 93 48 60 242 95 146 111 98 23 255 254 186 96 122 175 44 165 42 157 191 172 101 91 191 189 135 41 244 122 142 203 199 100 126 204 50 126 109 76 152 243 85 175 131 27 61 0 205 36 145 253 1 114
13 232 133 28 17 42 110 94 158 48 21 141 38 82 227 240 83 141 235 195 94 122 110 235 197 175 168 229 168 187 242 162 59 232 177 247 136 246 145 164 96 112 46 120 57 100 144 3 255 239 71 9 216 184 81 186 185 86 38 84 128 38 100 140 67 111 225 255 135 70 192 221 153 20 161 83 16 63 179 133 49 43 46 103 123 161 90 238 247 136
167 158 82 126 204 234 39 213 25 136 172 15 68 42 187 153 186 81 165 186 212 33 174 204 34 149 45 69 100 128 231 205 115 53 188 196 147 235 5 248 197 20 95 226 174 132 167 39 185 129 29 30 54 220 41 29 72 245 225 33 192 106 70 45 144 139 216 145 46 47 203 124 186 95 103 177 202 30 31 64 238 247 212 144 89 213 57 223 57 218
167 54 175 239 23 197 252 197 228 204 148 178 101 177 123 146 188 122 214 107 79 74 56 92 143 166 9 189 179 6 132 106 25 58 8 20 65 72 251 112 86 250 148 45 90 95 45 15 140 8 121 227 30 158 141 173 235 137 125 126 183 68 55 155 22 117 142 148 139 7 241 251 245 242 242 222 118 107 204 77 44 213 30 53 122 47 2 128 77 246
5 183 127 22 65 223 211 216 250 37 188 75 227 10 80 198 207 2 12 97 227 27 227 87 189 26 253 91 121 88 82 151 190 23 27 220 204 39 229 90 74 168 254 116 155 79 176 254 142 59 94 69 184 102 68 246 242 225 213 133 145 223 200 254 115 98 79 47 149 132 32 45 213 206 98 241 214 208 45 195 10 158 39 141 97 12 22 111 99 168
23 207 145 163 37 42 166 88 56 214 120 112 253 243 228 103 1 201 206 142 142 175 94 83 227 42 135 170 237 13 89 188 120 78 224 59 255 157 192 153 65 247 235 17 145 76 132 198 173 238 199 21 151 38 88 44 48 234 172 73 73 18 105 44 11 86 193 8 231 231 158 245 230 237 139 248 164 236 167 222 30 76 45 39 2 186 165 179 167 66
253 215 62 247 164 145 36 89 196 131 13 65 206 171 15 166 4 245 162 181 33 62 165 154 7 51 25 51 29 189 160 53 15 79 147 43 116 127 172 183 228 150 159 108 197 97 183 248 240 55 214 224 127 200 73 196 90 125 54 48 141 88 98 155 55 54 50 91 213 140 253 88 139 145 246 135 149 246 116 235 98 61 156 108 182 223 17 99 88 236
100 145 25 113 163 235 154 132 17 25 242 252 152 169 34 235 208 170 201 107 40 171 63 77 77 123 37 66 41 15 255 178 190 154 42 222 204 105 242 219 204 123 141 85 73 64 186 35 29 248 184 137 227 214 31 106 116 230 96 27 238 57 211 236 73 103 164 14 242 163 171 21 159 123 221 144 215 190 41 253 24 158 235 22 95 75 64 204 181 96
147 121 116 177 144 93 51 246 209 244 122 209 198 20 186 39 95 13 108 108 230 209 113 26 26 30 7 182 73 215 120 45 254 228 87 145 137 141 255 68 1 240 89 4 42 48 88 39 107 84 9 152 7 175 145 9 43 187 156 133 63 247 231 85 251 180 119 112 68 108 6 206 214 75 178 207 213 183 43 16 28 125 229 123 154 40 84 214 192 115
99 169 140 45 104 20 183 218 111 5 122 169 90 158 32 184 219 7 8 65 138 223 190 40 140 45 43 76 159 97 171 82 205 231 40 170 72 35 205 238 164 51 110 117 45 69 132 93 155 84 99 161 250 131 182 180 145 73 191 82 38 143 112 45 195 112 10 71 222 9 77 111 166 77 139 95 130 66 38 5 53 80 60 27 119 100 19 60 192 89
185 187 202 158 247 28 27 36 129 240 41 197 52 211 79 21 249 226 154 238 160 219 140 168 214 190 90 58 103 10 118 111 68 218 128 94 144 212 59 119 238 253 249 151 243 227 14 255 139 195 140 196 209 241 184 90 31 189 132 180 103 31 208 87 13 251 216 163 110 194 255 253 132 225 209 148 224 80 86 236 123 178 160 99 198 98 230 219 108 82
206 54 87 80 158 85 134 93 215 19 21 77 212 40 173 23 5 39 115 14 145 171 228 177 56 243 59 53 47 250 51 240 200 1 36 96 63 47 247 223 95 131 140 163 42 234 43 144 232 151 34 9 153 133 214 201 77 6 149 39 85 228 46 9 194 199 127 243 89 240 133 236 132 105 117 156 80 115 195 201 145 90 83 97 97 141 54 25 56 100
108 197 123 16 62 247 107 250 155 41 167 30 247 118 202 212 82 190 16 173 57 95 217 95 125 94 249 223 193 94 62 120 25 3 254 185 32 137 20 54 221 130 147 117 214 218 139 191 170 4 247 0 237 205 240 140 50 199 160 205 0 234 79 106 205 235 171 184 145 29 144 74 138 232 42 60 18 73 31 228 46 114 237 229 108 46 139 195 205 220
19 16 175 42 200 240 42 141 135 28 115 45 22 154 66 231 128 31 128 255 249 209 93 201 218 7 144 99 88 66 117 183 191 125 243 200 228 98 132 50 242 64 10 66 234 191 151 235 103 92 65 11 147 2 30 142 91 137 147 34 95 103 49 186 41 203 109 25 244 166 107 157 208 24 27 192 61 112 194 188 126 127 25 216 225 117 158 117 65 228
95 12 137 247 49 232 186 131 52 68 139 50 9 117 10 253 186 64 15 4 170 117 113 35 53 162 66 251 50 89 53 81 252 43 19 135 110 197 49 89 231 151 14 33 217 203 38 144 90 33 155 196 71 92 44 214 208 217 171 160 195 136 188 67 93 39 184 121 239 78 154 141 121 182 37 129 172 93 100 84 183 100 76 185 29 142 86 78 80 208
157 220 1 2 75 247 148 40 161 252 9 187 166 71 66 90 104 127 239 69 123 136 114 134 171 112 138 197 183 136 88 38 242 116 176 112 79 130 243 172 234 65 192 148 149 85 171 128 232 0 12 96 233 237 157 79 162 209 98 217 188 140 52 220 72 187 62 172 147 165 222 75 189 89 24 152 226 92 91 121 52 157 109 188 156 12 11 3 153 181
96 163 88 219 216 171 182 144 138 42 58 19 39 248 87 55 203 212 158 115 58 113 152 165 175 130 72 236 83 215 60 68 98 110 141 205 159 100 81 50 103 128 154 242 189 195 17 161 108 123 97 8 146 58 113 138 40 252 98 150 198 191 214 163 95 212 238 137 111 116 245 38 195 163 200 12 159 153 59 157 11 165 78 204 131 235 128 8 251 164
240 74 56 192 223 100 48 252 52 204 80 169 64 30 234 72 143 195 236 195 188 52 219 103 172 152 148 202 133 218 11 154 191 30 98 76 30 94 93 33 166 197 73 120 93 129 253 179 170 7 44 241 84 164 79 113 202 21 92 64 158 226 148 38 92 126 5 133 133 125 86 53 191 147 102 237 155 248 116 212 207 129 151 53 223 54 195 27 223 2
214 26 145 171 255 106 71 84 208 90 155 235 98 73 21 174 252 149 41 61 199 201 5 68 9 164 255 85 249 242 200 54 154 168 186 70 51 73 240 21 147 119 0 125 73 185 249 252 12 253 202 15 186 29 204 236 67 43 195 121 25 7 79 132 98 154 177 129 78 135 226 225 192 206 254 246 210 125 89 141 201 99 95 250 185 254 117 57 240 172
169 55 45 225 121 104 73 99 182 60 53 230 145 59 114 224 54 164 41 152 247 49 175 202 218 5 238 52 188 152 136 235 45 34 17 153 106 163 107 88 107 13 31 229 111 113 110 71 7 247 234 113 71 87 206 32 67 230 162 181 86 16 152 138 225 248 58 132 120 232 230 9 153 89 150 141 210 86 1 168 228 98 34 210 62 188 173 8 17 188
182 70 71 166 18 143 241 54 205 221 112 215 145 147 147 97 173 248 155 69 124 130 209 165 151 91 73 250 201 253 85 166 42 60 63 107 194 197 90 97 197 131 21 34 0 91 148 190 30 201 174 51 102 120 230 93 150 78 84 162 45 81 186 16 77 254 237 246 183 20 183 45 55 88 156 168 247 196 60 154 132 227 175 117 17 13 135 141 207 218
244 112 208 31 18 206 181 185 128 114 56 113 156 98 96 56 171 245 90 193 191 182 39 42 162 133 56 20 240 56 228 221 114 74 140 41 26 157 163 68 173 11 52 40 150 183 117 160 181 108 114 71 251 247 151 169 56 242 189 121 110 31 173 12 95 140 94 225 53 89 134 12 152 19 181 20 92 100 88 136 252 243 73 123 214 48 191 207 250 142
207 137 222 140 97 128 61 84 88 20 48 149 151 190 172 115 69 124 210 248 138 97 34 29 102 165 224 192 23 236 232 88 96 58 225 86 248 26 50 174 44 39 68 192 207 107 199 155 99 59 231 227 182 77 37 121 133 139 136 1 184 166 236 106 157 217 132 197 216 170 193 188 44 89 104 22 195 39 116 251 182 129 203 28 203 110 123 182 17 187
244 105 52 158 111 163 177 2 28 253 86 9 106 28 150 15 231 76 78 30 202 80 133 146 204 101 31 188 85 106 71 49 194 4 183 226 161 104 173 30 38 226 29 191 232 131 45 64 59 84 148 216 104 233 133 139 62 169 111 243 134 96 187 78 161 80 126 84 34 249 76 248 83 199 54 65 255 63 109 60 60 243 71 94 85 212 136 148 2 96
106 230 65 54 125 110 235 174 190 233 223 52 58 115 21 130 13 149 126 177 91 152 255 9 146 34 145 87 3 138 107 170 87 107 131 245 25 30 15 97 62 222 197 42 47 195 110 61 163 156 13 249 104 89 192 172 26 217 32 146 124 154 236 145 89 83 15 231 209 237 218 48 225 241 158 56 103 217 160 116 122 190 40 125 211 237 178 119 117 203
22 142 230 100 36 186 78 175 37 124 121 29 198 227 167 109 80 60 227 0 11 190 227 220 171 78 33 196 45 123 62 207 33 5 79 207 229 133 23 18 141 135 40 27 226 233 57 6 177 71 133 238 130 228 20 105 201 113 203 38 104 96 219 191 175 181 219 178 37 142 134 104 149 190 111 18 189 9 44 0 54 97 77 191 101 247 81 65 204 83
105 155 172 201 33 110 173 232 120 220 154 54 162 178 7 190 83 20 163 172 86 121 98 249 161 86 214 192 134 181 121 53 192 196 77 32 133 46 38 127 21 106 51 135 188 85 254 231 40 188 226 123 172 242 198 213 231 96 65 46 141 171 187 120 32 158 149 85 1 85 150 250 67 162 140 108 21 211 40 60 70 156 186 210 73 147 241 162 127 181
33 115 179 103 18 60 178 14 185 211 8 140 217 60 26 52 8 235 81 114 39 184 154 195 113 244 182 23 97 23 131 231 187 212 233 81 182 85 199 95 24 39 51 19 40 178 86 7 240 65 143 154 147 114 223 195 129 5 60 239 235 124 212 26 100 204 199 94 147 247 214 26 95 54 192 199 33 18 228 54 132 128 146 78 92 208 25 194 23 216
157 226 40 160 56 161 41 69 164 9 12 186 29 77 118 77 188 255 99 133 160 237 181 129 166 255 142 147 190 106 123 194 142 122 161 214 252 92 57 55 28 162 90 92 233 41 6 188 216 227 60 78 102 54 19 128 85 253 218 52 71 77 62 70 198 95 68 66 123 151 195 82 205 239 139 141 183 4 243 85 4 5 67 120 67 49 146 43 172 50
59 174 98 232 61 169 112 39 83 56 143 7 189 189 191 137 138 34 161 0 253 106 45 33 234 74 189 76 213 193 17 34 129 159 105 161 74 72 102 71 207 138 174 47 242 145 32 120 169 218 87 92 203 62 185 167 253 163 216 167 158 18 135 131 205 132 212 220 130 119 5 67 241 87 19 167 236 249 81 165 239 79 231 52 99 127 64 245 86 211
40 142 219 36 128 219 1 203 126 63 21 130 162 185 29 94 17 108 76 125 187 236 216 215 18 199 152 226 124 168 71 73 213 248 27 221 169 21 234 37 65 36 124 103 103 117 101 207 201 250 152 143 23 87 38 0 249 85 183 130 102 195 239 150 132 189 131 118 222 205 76 158 252 74 201 58 106 107 26 55 88 207 48 235 187 238 128 90 115 94
244 2 46 88 127 91 152 181 190 175 197 40 232 47 239 18 194 79 254 1 151 230 225 45 8 170 248 117 146 175 164 90 4 222 24 113 77 69 132 22 185 148 249 184 244 240 203 213 75 203 145 8 141 148 236 33 33 129 99 170 166 216 151 223 171 33 183 165 247 78 202 9 179 29 254 104 255 220 34 25 71 89 233 70 126 32 208 181 30 89
131 243 12 104 182 45 225 62 32 224 110 131 68 116 241 255 38 206 50 215 191 150 32 94 204 244 33 202 207 104 209 125 111 185 231 127 161 119 47 196 245 113 41 44 249 192 168 9 158 191 160 9 183 98 131 160 63 198 21 152 192 184 91 25 134 92 32 91 87 116 240 105 215 34 110 1 154 162 47 3 58 155 47 54 95 101 12 224 170 12
230 15 253 184 100 178 15 61 254 213 13 134 216 193 19 28 226 132 180 128 110 46 92 196 94 32 211 149 35 85 115 79 52 112 7 188 197 123 203 109 45 240 222 226 106 217 164 24 210 148 56 207 61 204 57 158 201 230 196 49 129 150 120 40 192 13 74 68 228 71 46 196 202 136 74 216 149 4 51 135 73 4 225 141 86 174 201 10 130 233
94 247 233 86 176 108 210 135 219 19 96 10 201 236 168 58 78 99 8 95 34 191 222 65 30 135 41 70 79 165 193 253 66 84 2 65 57 253 207 133 48 208 83 129 98 215 58 27 84 196 180 253 76 99 235 221 145 178 11 121 209 60 248 188 76 31 72 106 69 174 111 7 183 155 122 192 202 74 177 18 55 120 159 24 184 109 117 51 108 80
177 183 254 3 86 124 202 217 45 144 99 233 163 43 33 202 178 213 194 66 70 50 133 217 161 54 214 121 95 149 102 27 145 224 212 193 130 190 58 250 204 35 207 13 142 43 170 211 216 110 20 122 48 142 46 224 20 112 167 95 9 200 131 99 227 199 164 13 250 54 95 42 128 86 56 180 150 158 134 179 27 255 21 192 22 172 52 248 3 69
37 218 58 195 150 21 52 221 250 199 68 99 159 198 141 101 99 233 166 208 66 179 1 231 211 52 40 189 64 72 43 14 222 26 198 35 76 104 150 8 114 0 50 159 79 223 101 118 96 69 110 62 172 20 50 4 186 198 154 151 161 189 153 44 166 222 39 166 61 83 223 15 41 176 159 31 60 157 109 131 167 213 3 175 84 162 176 4 45 35
30 149 206 167 157 236 130 105 198 6 72 6 207 240 165 103 234 116 109 29 228 26 20 239 23 231 57 173 4 134 182 210 94 221 100 10 58 18 57 28 246 99 17 30 249 117 199 113 125 29 107 2 14 155 115 14 213 98 7 189 108 2 173 31 60 37 220 136 185 27 201 78 9 189 172 47 165 228 54 222 163 254 128 177 97 135 118 56 219 111
180 86 125 208 181 122 66 44 156 196 242 86 9 89 47 171 225 45 38 215 231 142 210 223 128 43 185 96 208 142 255 196 11 167 15 72 250 166 93 108 166 180 166 42 77 84 83 144 53 84 36 3 30 77 110 164 3 14 75 155 160 99 44 116 229 110 61 75 103 89 187 84 239 25 202 156 25 53 249 55 87 9 60 181 206 217 167 221 114 120
52 128 251 46 154 160 241 102 31 65 123 156 192 135 5 99 237 17 221 187 197 89 11 122 181 242 239 197 223 117 115 134 216 59 140 172 144 218 58 217 88 10 90 167 43 26 24 245 163 194 114 242 189 206 38 2 141 199 17 103 43 166 14 18 41 83 112 195 88 184 209 73 240 19 233 69 46 225 16 22 140 23 91 246 219 1 15 163 207 62
214 221 91 86 25 178 247 11 106 46 218 168 20 121 131 129 189 43 11 183 144 24 134 18 126 221 65 95 11 12 13 203 61 161 87 242 119 251 246 66 74 230 34 119 97 171 9 169 52 15 105 102 145 89 3 23 12 200 181 217 71 126 208 168 168 18 220 138 181 124 30 224 179 234 46 185 74 55 24 90 75 59 175 129 142 232 66 114 191 196
19 155 19 242 22 1 122 189 134 170 3 155 2 224 213 208 193 254 114 26 61 93 59 60 150 193 5 251 18 244 175 38 107 99 150 123 34 81 253 25 227 57 128 123 95 247 1 122 111 6 226 252 252 119 32 220 200 153 56 146 205 70 190 121 68 184 133 90 142 27 148 175 244 144 80 97 245 126 180 2 118 190 72 196 45 9 37 166 233 216
229 183 86 137 22 186 243 60 2 148 142 9 21 123 127 227 170 64 20 41 67 195 84 3 115 242 249 20 155 10 1 195 237 113 107 238 20 169 109 3 156 221 183 164 205 158 13 77 126 197 214 65 109 166 207 62 84 165 7 3 149 164 133 119 55 33 8 52 54 197 231 243 188 158 109 45 220 70 56 16 138 200 149 71 246 62 6 127 121 2
177 184 249 69 209 26 31 13 78 152 111 246 173 186 209 199 126 216 135 11 173 22 180 186 52 62 199 69 239 222 249 204 166 48 97 36 202 103 197 186 232 208 185 34 119 204 44 147 38 43 158 84 195 17 206 88 93 165 85 118 132 200 126 95 177 251 96 107 234 178 52 39 230 104 3 120 30 125 213 90 220 5 146 114 197 56 9 52 197 32
222 58 223 242 193 87 36 39 70 213 78 94 43 213 122 53 100 195 28 59 144 113 221 186 166 140 59 40 151 130 5 241 36 209 150 142 6 14 222 30 84 209 239 97 235 171 160 198 134 60 142 3 38 197 153 167 238 123 10 80 124 202 217 82 140 224 89 82 176 230 107 44 252 234 110 206 13 117 113 138 86 50 28 121 62 235 149 247 126 7
43 15 71 212 120 12 100 106 206 85 123 95 79 152 97 243 83 128 229 66 75 80 11 176 175 202 168 87 132 185 229 160 37 148 203 203 232 7 190 183 119 145 90 79 2 247 107 155 234 18 183 227 250 57 225 150 254 95 102 250 29 190 84 146 216 227 237 156 116 184 178 161 214 15 188 55 245 124 215 21 28 206 99 30 253 67 11 62 89 5
94 188 227 59 81 197 121 182 90 21 215 9 152 92 15 27 166 156 191 45 114 123 130 105 233 65 20 140 6 224 234 8 75 4 221 118 177 14 87 57 171 213 60 213 203 131 234 217 62 5 110 1 30 74 252 44 165 179 204 97 213 223 156 24 16 182 205 10 162 4 185 250 151 252 214 63 176 132 125 148 19 107 250 132 63 41 122 222 71 83
197 80 147 208 105 229 221 93 245 41 185 34 10 33 71 1 149 142 97 235 33 3 156 82 227 195 133 208 90 69 71 167 175 147 240 101 85 155 26 78 71 126 160 88 188 130 74 176 165 116 52 48 250 3 217 183 103 36 199 58 39 130 12 112 122 171 84 233 131 149 108 242 62 28 79 37 99 79 199 214 204 70 183 143 185 20 214 158 191 139
88 125 78 72 248 118 107 48 6 241 187 181 217 72 199 109 139 5 94 26 2 45 117 211 4 215 42 190 41 165 210 117 244 232 174 227 50 202 143 162 15 93 213 157 254 15 19 100 68 61 255 62 153 234 138 163 179 39 231 148 69 245 183 96 199 210 44 249 160 233 55 72 199 35 159 165 192 164 226 174 179 235 69 203 250 138 62 131 128 79
43 196 118 71 63 184 247 137 45 73 9 156 195 248 30 220 98 237 200 176 251 80 212 96 105 111 195 136 187 58 42 31 159 63 240 127 112 131 79 169 129 157 4 87 225 133 130 117 198 148 235 211 58 132 222 255 143 110 89 146 224 36 101 129 219 203 123 118 141 179 166 158 242 179 179 166 214 108 58 133 59 180 57 21 91 186 55 148 11 143
84 167 133 145 27 119 33 6 242 248 239 28 221 94 147 142 41 104 19 102 120 53 93 174 81 247 149 95 112 20 121 237 101 63 168 132 245 79 152 158 201 119 52 196 118 85 78 237 244 136 227 107 16 94 251 197 45 37 208 121 183 98 210 55 158 238 2 200 33 108 228 150 99 57 158 145 239 229 130 152 139 64 65 31 248 25 212 219 37 26
115 166 163 107 118 124 152 68 14 103 204 142 221 24 39 49 153 232 0 105 214 25 33 182 88 222 191 111 240 73 40 140 206 47 32 190 21 109 227 224 84 226 111 86 2 14 28 195 30 178 72 35 155 27 196 180 197 105 164 63 195 75 146 120 95 231 21 117 60 86 70 79 185 181 94 8 95 196 154 223 102 130 146 181 65 172 229 109 235 13
252 147 71 139 22 167 159 154 220 22 64 114 170 236 167 130 116 104 239 213 137 122 66 192 62 141 247 188 8 201 162 204 230 89 13 129 69 232 0 26 37 255 24 8 138 139 238 86 143 170 178 91 82 53 7 120 249 152 107 116 100 26 243 89 168 8 102 131 237 191 0 76 207 62 85 246 212 209 98 83 4 207 53 75 204 87 216 174 181 255
26 106 233 148 41 119 128 93 30 186 221 179 10 14 240 242 253 30 77 105 59 165 138 179 168 208 126 188 28 90 247 85 124 73 141 55 63 200 236 120 62 29 68 71 3 26 245 100 129 2 35 132 122 63 88 2 59 90 234 96 62 183 235 89 7 15 178 174 33 127 156 8 134 109 169 212 5 210 146 131 239 254 229 58 115 61 106 77 34 88
160 161 61 65 61 253 198 66 100 60 45 46 165 160 217 221 118 130 33 102 99 98 226 122 177 47 57 191 59 100 66 117 232 205 97 239 26 171 185 185 160 53 248 217 104 104 240 249 24 92 104 219 186 91 100 81 61 159 64 85 53 252 36 189 177 218 238 10 156 250 39 120 218 107 248 166 183 226 158 67 40 102 71 229 184 40 114 81 88 33
195 45 152 192 13 145 40 208 198 12 62 166 125 33 190 170 199 146 121 90 63 131 60 212 71 33 225 219 57 243 139 150 117 54 108 214 68 224 227 250 184 131 242 101 4 9 243 95 90 173 6 172 122 98 18 123 205 124 5 213 91 79 209 12 174 124 67 213 58 116 112 213 146 188 55 142 113 221 193 250 77 255 72 135 143 223 37 136 234 65
197 139 142 118 186 195 9 97 33 79 173 225 53 227 124 229 227 77 130 67 18 117 53 248 89 184 220 63 97 233 99 197 50 29 140 174 229 240 52 80 56 223 6 135 116 25 32 203 135 39 46 28 21 255 26 137 97 184 93 163 91 250 24 97 250 140 104 2 177 214 193 24 124 142 220 50 96 166 47 37 69 248 130 218 229 12 144 12 84 24
255 235 52 227 126 208 166 237 66 14 96 49 199 125 123 2 206 178 200 15 211 28 76 148 220 13 156 56 187 216 85 107 187 44 57 74 199 60 118 252 129 125 82 54 180 167 112 23 18 138 12 77 199 28 189 113 92 179 78 205 72 70 94 58 103 115 17 80 207 91 175 116 147 134 102 232 144 247 185 3 141 133 118 44 99 102 107 254 173 101
124 138 235 122 254 105 10 36 174 230 5 165 95 203 159 212 4 223 96 192 82 192 184 93 165 77 7 225 25 24 173 72 9 75 27 177 178 231 22 221 241 6 111 86 227 209 10 81 168 132 10 6 240 233 188 223 213 137 70 13 183 148 187 187 4 181 39 118 41 54 141 184 105 251 88 198 79 187 104 37 163 130 4 60 29 144 42 133 68 167
201 168 181 175 251 122 28 47 7 162 1 150 218 225 71 33 34 146 160 1 193 208 55 79 49 32 57 200 130 178 172 158 194 211 85 49 69 246 169 194 80 232 52 97 123 46 150 44 220 241 158 101 117 235 216 233 236 128 248 249 24 119 120 233 29 124 177 138 119 71 183 124 100 159 52 214 200 94 142 80 29 27 35 113 192 194 113 124 35 181
10 69 98 210 76 246 218 55 221 181 0 103 31 9 60 86 35 32 254 110 230 148 60 90 82 48 155 229 190 129 140 122 180 214 216 53 186 33 13 142 1 31 100 85 76 104 86 142 157 18 5 71 233 129 49 18 218 2 42 105 17 189 109 1 186 161 246 77 90 187 240 94 107 65 169 62 21 106 69 62 81 139 229 169 253 147 166 169 129 119
170 186 11 120 216 183 173 122 99 178 21 30 62 61 246 224 92 216 50 209 38 211 189 127 76 177 235 112 89 174 225 7 220 52 58 156 88 162 53 216 214 115 95 109 173 146 232 197 218 187 74 37 19 51 214 134 41 211 71 253 196 255 46 126 13 147 142 42 198 226 120 31 80 58 228 147 33 102 81 28 16 74 5 157 59 37 70 144 197 186
233 174 125 41 94 166 22 163 89 34 91 207 74 97 67 191 98 226 200 104 60 18 202 59 232 223 219 234 77 229 12 183 60 138 117 178 121 169 75 196 241 38 210 10 100 99 27 223 204 145 173 150 206 67 194 254 149 71 149 149 134 136 205 139 127 226 187 227 129 90 223 135 133 148 32 126 240 200 85 91 112 126 113 26 209 250 14 49 219 220
224 137 150 44 25 65 99 60 108 251 243 250 147 176 188 139 182 83 9 255 176 123 229 14 251 150 190 3 47 164 219 102 243 143 132 233 83 235 224 142 211 152 253 216 182 180 173 137 30 191 23 55 146 147 205 132 68 131 127 215 144 143 62 187 46 161 178 29 206 64 106 180 185 218 91 254 66 239 145 10 51 38 203 183 52 31 166 103 197 251
209 34 119 116 10 248 53 221 211 71 157 187 100 42 46 164 243 4 94 251 210 238 0 174 111 77 194 211 58 163 88 124 15 35 116 233 169 9 124 161 57 237 194 194 85 78 221 106 56 47 239 148 2 146 165 140 128 234 242 141 229 67 158 73 41 82 35 69 203 238 182 20 189 127 183 53 107 147 203 2 253 152 98 242 155 79 137 138 181 248
224 97 184 40 168 22 216 128 134 172 130 164 246 14 84 236 149 210 241 0 204 153 245 107 141 131 236 215 91 186 18 12 165 187 102 41 21 120 50 34 16 246 216 24 223 171 143 67 214 247 226 35 134 16 223 137 70 122 44 201 97 174 238 25 192 56 143 75 72 35 200 31 57 147 235 144 188 162 151 233 16 117 155 121 160 179 8 242 184 32
42 224 249 157 28 215 18 208 181 231 192 18 97 58 155 154 28 57 203 203 15 177 179 51 224 192 193 145 39 208 12 138 16 142 158 119 64 134 0 183 121 242 169 47 56 12 209 229 249 4 53 150 215 66 166 76 150 76 83 51 231 79 15 86 207 124 90 243 138 184 211 143 32 77 213 67 152 167 117 69 107 41 185 153 175 63 152 152 158 103
35 207 143 216 167 122 228 101 147 34 240 124 236 70 203 165 14 251 187 207 62 145 102 75 105 51 69 82 255 124 115 126 44 54 74 133 80 51 4 20 84 186 133 0 142 66 81 183 177 98 121 69 178 165 13 181 144 185 169 156 74 161 165 222 199 122 133 42 69 234 22 104 202 176 218 213 250 142 108 109 12 198 63 6 14 41 158 49 251 33
82 8 178 19 27 237 21 246 179 199 131 71 77 115 114 250 55 193 118 76 90 119 10 2 91 117 113 89 210 165 201 226 118 69 114 132 194 99 66 137 136 59 26 105 62 247 51 209 46 209 9 110 58 57 254 159 188 82 64 156 100 217 149 212 194 201 132 23 248 92 185 241 186 229 155 212 217 120 249 121 114 28 88 67 182 168 95 117 231 170
78 47 238 4 108 16 34 21 190 25 136 119 65 183 229 40 15 104 254 110 174 6 247 119 159 216 31 199 223 17 160 23 129 6 218 47 156 55 8 172 76 152 220 251 89 91 198 233 131 14 106 94 11 184 70 81 15 124 210 212 217 23 163 39 150 252 241 31 8 186 94 192 43 105 46 50 216 95 208 183 18 23 245 17 53 181 202 120 23 177
234 62 141 241 37 160 43 88 96 80 21 220 130 44 112 22 101 17 189 224 41 96 85 231 216 62 75 45 192 19 84 254 7 62 86 15 248 174 247 107 12 102 158 179 162 247 1 215 226 222 253 116 57 215 216 31 66 15 157 1 19 19 26 149 57 128 152 159 205 97 215 171 175 39 4 226 191 51 244 66 48 41 98 25 136 38 4 111 224 120
49 106 162 8 76 202 193 115 70 215 97 75 6 175 103 205 81 164 95 245 134 178 223 18 228 187 102 60 245 197 23 136 131 25 136 111 241 171 4 78 212 148 244 145 144 79 69 186 91 218 184 216 35 51 127 160 74 62 43 223 157 96 6 21 238 206 255 119 206 75 182 1 138 202 49 147 152 247 38 139 188 226 60 103 41 12 130 190 234 124
166 70 17 240 213 1 236 67 255 52 160 156 27 2 170 170 66 8 84 179 3 177 163 71 83 28 126 32 123 136 190 28 74 203 18 207 104 87 181 133 252 107 152 74 198 26 157 41 10 14 116 80 217 111 50 191 149 59 135 99 190 148 47 114 139 18 58 239 221 51 218 254 196 204 66 255 244 164 52 29 8 148 177 8 11 78 77 75 187 106
127 210 238 33 85 114 114 51 49 28 10 112 44 41 207 144 154 65 30 237 86 28 52 47 46 152 123 44 58 65 150 217 197 69 23 167 121 67 18 127 250 91 241 199 205 194 42 31 129 15 77 36 100 53 18 159 239 247 121 166 172 28 65 31 97 219 6 31 190 228 60 241 73 41 190 227 125 172 80 234 27 230 102 194 175 36 253 113 246 185
18 103 206 69 82 181 182 200 158 172 159 251 178 90 137 52 12 29 49 101 38 16 237 88 79 224 2 183 86 114 26 248 243 38 173 104 73 31 152 104 119 158 108 189 24 79 180 32 111 255 130 74 253 84 200 220 43 217 230 201 169 66 138 130 128 179 132 209 152 179 176 104 42 130 120 198 51 123 161 208 64 112 128 211 6 177 129 16 211 43
52 131 74 9 179 248 35 25 69 116 197 176 172 178 208 5 153 77 56 253 103 107 224 38 119 209 13 113 231 27 49 16 18 63 21 5 189 82 39 9 52 42 190 185 72 28 11 157 60 245 156 226 203 225 121 250 8 185 64 49 145 39 150 198 38 48 175 163 234 237 103 113 206 31 65 61 218 145 44 105 145 228 59 172 67 227 149 174 229 129
34 96 59 201 161 41 74 60 35 38 102 218 96 85 74 163 158 8 7 255 186 8 21 238 6 184 109 22 101 236 35 156 50 162 36 129 66 162 167 13 201 131 158 218 159 194 41 104 42 126 95 7 195 46 26 176 217 106 127 86 190 162 69 110 108 88 188 176 98 217 134 25 210 228 74 111 173 200 142 177 51 43 108 4 255 104 236 189 62 197
13 177 54 15 78 72 241 33 200 252 117 39 158 89 122 158 42 47 198 228 38 29 32 201 175 130 97 146 188 113 244 231 80 24 222 64 78 215 47 185 230 148 139 82 94 36 140 132 78 30 222 179 79 222 58 81 124 204 104 189 202 107 224 191 140 96 86 194 93 20 252 173 233 137 212 105 45 85 113 50 35 251 222 160 52 191 32 211 184 228
210 128 135 154 24 84 147 206 88 69 203 64 225 244 65 145 245 154 83 82 147 28 52 134 46 180 131 36 191 230 164 246 102 106 91 44 184 179 111 174 27 186 251 254 104 51 135 18 3 189 111 211 251 172 3 211 11 26 188 122 9 51 136 157 16 137 136 167 53 157 171 25 165 52 182 8 253 124 196 131 137 154 30 173 1 157 242 50 57 119
165 85 1 117 126 98 16 183 193 62 85 45 104 237 85 179 101 237 191 57 52 29 33 186 193 118 37 19 2 86 100 121 90 215 42 102 219 170 171 11 61 185 18 199 200 41 227 105 60 107 70 104 133 55 112 14 183 173 133 114 250 103 255 154 84 213 141 54 240 133 151 119 180 163 209 168 181 249 130 115 246 17 206 44 6 251 135 108 141 196
172 180 102 211 31 150 120 18 175 73 31 106 192 212 212 70 167 127 55 219 130 63 245 152 166 195 250 183 222 242 239 216 186 253 240 167 171 67 50 253 54 255 178 192 80 212 138 49 183 233 131 23 194 94 15 247 232 62 111 47 41 250 234 132 85 200 97 249 59 250 206 32 86 246 5 83 238 233 234 209 45 52 213 179 181 37 207 243 229 25
109 215 76 248 255 37 126 212 66 89 38 186 133 204 131 215 165 175 236 98 66 239 37 234 151 201 226 41 20 244 46 242 164 200 119 103 130 201 120 103 53 140 46 173 209 84 61 26 122 65 48 255 244 238 118 210 206 71 78 237 134 72 223 217 168 229 183 114 165 222 1 253 103 97 151 6 207 96 176 150 60 69 154 219 49 130 168 150 68 75
253 172 11 122 146 82 141 180 187 22 140 41 7 21 82 66 253 253 197 41 176 146 156 222 209 127 82 209 135 194 80 184 85 246 127 31 196 157 31 71 29 0 93 41 139 97 137 126 222 166 97 215 65 166 70 214 217 212 231 173 234 238 118 38 43 245 222 20 200 148 132 233 112 40 89 11 209 135 52 249 189 186 169 246 33 161 87 100 226 71
83 24 241 85 66 234 56 16 180 154 114 47 46 201 124 16 165 36 238 14 8 39 100 177 91 191 28 162 196 253 185 229 179 161 111 177 189 8 242 212 71 43 138 189 226 26 113 108 23 154 124 209 138 7 73 218 246 194 73 100 35 171 172 129 184 66 39 233 104 202 230 30 185 169 53 66 224 22 91 81 210 129 159 202 76 202 46 65 251 89
149 233 70 111 59 140 32 230 109 214 35 183 88 146 203 68 108 185 99 173 235 155 3 126 227 195 252 247 57 115 94 237 143 8 184 55 181 53 249 109 218 9 124 146 171 137 149 4 52 191 0 214 36 231 105 224 95 65 78 249 245 178 123 93 180 86 35 10 217 3 127 115 181 181 125 161 122 226 205 178 60 106 201 250 162 118 185 74 69 73
91 19 35 43 150 25 203 251 87 198 129 112 191 155 227 41 190 40 19 141 49 146 249 188 196 165 115 222 242 20 71 9 181 74 15 84 217 113 176 85 59 15 3 2 95 16 82 139 34 114 124 118 70 63 5 17 250 241 251 250 188 237 110 87 74 235 166 55 46 118 240 60 155 114 57 13 52 202 97 216 147 243 154 158 25 15 23 30 135 132
70 37 163 134 223 103 253 199 46 39 240 5 26 17 59 203 88 62 174 202 33 55 204 137 153 114 165 111 253 63 130 84 212 168 142 27 182 147 233 191 70 184 37 244 232 227 133 178 221 88 118 196 60 16 57 135 169 252 9 23 101 192 45 164 209 115 85 6 231 19 111 106 172 12 36 91 199 149 23 190 39 152 98 205 51 200 144 200 108 241
157 88 176 16 57 220 13 185 127 217 62 69 248 247 94 81 177 79 2 100 121 235 5 236 100 69 121 220 43 132 40 186 192 18 128 93 149 155 88 57 209 171 119 119 143 96 162 15 226 200 156 49 103 151 133 215 55 170 61 222 230 212 87 236 188 162 222 0 207 188 247 118 252 93 203 106 118 95 163 73 183 123 35 197 185 55 176 160 123 204
159 236 243 133 41 111 88 116 209 207 82 131 8 46 203 171 28 13 222 245 49 139 211 15 7 77 107 251 100 167 51 86 7 89 199 69 215 125 93 97 76 226 8 190 74 107 238 240 77 18 88 243 17 3 61 114 214 134 187 196 189 0 66 218 125 242 99 33 6 114 134 13 123 3 251 22 159 9 94 222 243 14 207 24 52 37 54 112 96 81
114 17 75 100 78 182 105 189 3 31 144 115 187 24 230 12 67 124 126 231 199 202 131 198 187 149 191 40 101 23 208 149 1 28 81 83 39 31 87 120 18 247 127 231 73 222 225 220 74 125 182 213 181 90 147 34 223 246 67 65 218 94 117 220 101 169 118 119 111 233 164 66 114 209 47 118 252 186 178 227 40 81 92 122 114 19 66 254 26 9
149 90 21 91 150 234 151 37 114 116 241 146 106 55 49 248 135 81 79 150 247 226 170 26 96 134 13 174 14 204 254 227 236 44 244 66 246 137 248 123 90 197 52 197 138 132 165 21 216 247 80 15 234 203 211 46 137 161 126 180 81 73 1 24 204 254 103 9 251 26 222 206 164 173 52 151 63 47 11 79 70 218 189 29 225 98 54 222 184 238
164 146 52 35 150 211 55 39 146 143 205 118 193 74 45 101 253 13 251 163 145 18 39 52 57 190 13 30 230 209 160 49 56 220 61 84 191 81 200 39 172 224 111 46 50 97 218 194 57 244 53 164 223 141 230 29 124 135 147 218 233 46 8 46 231 34 106 188 143 174 99 209 204 28 252 48 167 90 249 226 218 43 182 110 208 20 82 54 87 6
207 120 52 167 171 125 3 19 230 181 69 29 247 125 142 81 64 106 69 165 248 110 128 183 163 67 150 21 243 111 191 224 150 227 166 35 248 180 233 31 66 203 11 16 145 65 72 51 96 68 34 163 245 228 80 4 36 63 2 180 116 185 116 139 205 35 109 93 240 81 126 159 54 248 96 242 204 150 23 138 149 22 225 121 100 134 10 71 122 207
92 64 176 231 85 208 102 237 24 129 51 35 99 160 63 75 183 45 244 201 57 172 93 50 100 95 46 29 36 238 70 136 39 93 57 238 72 157 67 200 170 140 116 176 21 5 68 151 202 154 131 89 247 51 92 231 236 20 181 250 225 90 71 137 115 187 68 204 223 74 180 202 51 186 103 76 48 97 196 3 186 241 181 214 4 117 78 237 128 218
19 195 70 142 28 186 29 106 155 203 23 134 83 27 208 185 7 98 140 103 197 113 160 174 153 24 232 27 3 69 149 49 55 46 110 24 3 3 131 161 64 177 77 59 17 47 222 27 10 200 131 248 47 12 65 40 167 15 216 103 223 35 110 125 226 255 151 33 150 5 25 221 161 16 246 168 64 144 139 138 251 59 224 28 190 68 137 217 151 246
34 169 15 92 117 77 214 237 71 157 183 35 140 134 2 40 254 100 99 118 146 65 185 118 160 245 201 85 3 157 92 135 70 72 143 146 203 132 129 175 107 229 234 114 207 254 163 69 27 45 59 88 92 151 173 168 138 233 54 245 120 31 124 157 152 249 152 177 235 162 160 66 67 184 135 65 55 105 186 89 213 99 39 123 245 65 73 143 197 11
196 71 185 53 50 222 132 130 49 31 248 143 248 77 246 243 123 196 253 205 123 165 199 102 248 202 95 33 131 19 55 32 54 32 111 6 85 198 255 138 26 191 117 160 102 36 69 244 152 52 12 198 75 182 81 224 81 156 33 119 161 220 111 207 45 251 229 83 203 160 62 213 138 114 173 237 114 166 207 240 53 77 140 56 233 230 7 117 180 253
137 125 54 188 4 98 206 241 2 206 65 43 220 83 40 188 108 100 103 250 25 118 89 254 11 186 15 1 115 74 115 9 101 122 118 140 201 209 173 228 193 195 146 143 107 110 37 241 86 67 230 103 152 236 196 180 137 229 201 201 108 193 47 109 161 230 241 189 89 234 148 20 181 211 116 42 19 134 183 222 218 15 145 231 189 9 144 175 254 35
241 140 72 70 152 232 112 192 102 119 246 65 231 100 4 180 243 113 107 115 6 19 21 0 214 127 180 100 203 55 13 69 165 86 100 43 158 222 192 95 38 27 234 97 121 231 9 220 249 34 254 22 215 62 251 166 241 201 41 67 134 113 192 195 9 28 61 39 145 237 245 189 162 95 202 20 0 92 75 151 61 171 137 159 32 179 236 179 171 212
10 46 122 245 244 160 142 100 109 64 189 16 208 67 37 9 194 157 2 177 250 237 198 66 61 174 24 169 187 20 108 141 201 21 125 47 32 151 94 11 19 97 120 232 93 206 126 227 61 82 239 3 174 85 215 173 50 204 75 115 138 223 219 253 34 186 151 219 190 102 91 169 68 132 209 87 142 132 106 164 235 121 84 186 244 228 110 45 3 55
125 100 114 180 48 147 94 64 21 191 123 208 207 250 122 63 164 27 41 149 181 209 108 241 218 153 173 246 161 199 26 144 131 218 241 247 148 23 123 108 240 23 160 25 33 7 21 176 41 185 13 183 233 199 96 13 185 163 214 190 173 67 125 229 14 52 191 209 150 126 224 228 117 120 193 38 134 38 44 29 179 231 81 169 124 203 39 194 41 136
206 210 198 91 244 117 38 186 225 159 244 106 190 16 104 179 42 69 154 17 185 108 83 90 233 15 109 134 99 166 57 25 201 240 200 121 9 9 93 51 230 221 76 212 121 45 248 7 12 103 154 245 101 147 83 144 6 22 86 33 205 45 11 147 164 50 50 162 249 233 50 73 103 37 35 175 27 150 212 40 124 142 36 35 40 58 230 37 190 121
165 173 201 233 111 106 70 99 25 87 116 57 168 255 92 33 20 45 63 83 91 162 11 55 38 25 45 227 218 247 29 159 244 24 192 115 116 124 56 217 130 128 42 66 55 181 133 247 99 218 79 166 96 146 226 18 92 34 168 98 68 111 60 7 246 228 144 103 21 25 129 52 46 66 146 172 165 167 182 219 244 30 87 41 71 161 56 153 196 48
119 169 123 229 84 66 221 65 238 59 47 80 192 108 236 233 206 230 175 80 28 80 104 53 127 250 172 233 86 65 89 82 204 186 15 94 131 247 178 181 16 164 239 237 242 55 7 195 75 101 121 249 92 101 199 111 13 45 5 225 230 231 233 1 184 105 142 148 219 200 247 162 73 9 146 127 253 107 170 235 205 165 180 230 188 86 158 205 210 252
250 183 82 111 73 28 65 204 52 175 228 4 17 85 25 249 133 250 229 191 166 0 118 108 0 132 222 16 116 192 116 98 239 129 183 109 157 236 225 92 150 101 208 100 162 200 174 130 250 71 64 27 138 48 114 135 162 125 82 3 82 121 24 64 92 99 192 145 104 176 228 41 30 233 33 192 118 254 182 151 217 6 41 113 223 213 10 247 105 98
224 221 20 191 209 71 137 10 82 113 87 31 52 171 184 81 250 103 172 103 174 111 49 98 199 220 71 194 252 140 220 105 241 30 67 48 203 24 96 228 111 152 252 220 174 75 64 70 186 75 202 48 209 244 60 104 222 175 83 69 168 229 208 131 123 179 172 248 236 68 93 98 112 130 124 228 127 44 180 80 27 0 82 139 249 46 196 27 48 163
244 190 84 93 49 61 195 202 144 149 243 140 58 50 48 52 184 65 166 135 243 124 160 131 162 29 185 117 155 86 86 110 54 163 56 252 145 26 187 46 93 60 231 124 93 67 224 141 95 136 177 6 1 51 62 16 76 163 31 30 61 182 214 147 254 64 163 9 12 85 59 35 252 221 227 182 174 165 109 224 96 189 237 104 91 197 86 30 240 251
211 110 69 15 197 137 209 189 21 125 131 30 225 156 25 169 219 36 84 200 82 105 115 196 99 69 114 200 66 247 26 12 135 0 125 93 224 107 221 232 175 60 172 107 49 148 221 89 101 227 122 124 248 85 163 32 145 2 232 113 10 174 68 191 186 122 13 25 112 208 92 251 179 116 223 150 208 33 185 81 171 221 112 159 53 3 35 222 148 19
86 53 222 10 207 0 33 142 219 174 121 40 159 107 108 249 109 234 7 221 27 57 70 190 123 121 229 89 166 78 53 85 211 243 217 223 7 132 219 47 168 187 4 197 12 217 141 240 173 229 95 40 150 230 162 99 25 71 241 41 89 133 250 150 7 36 25 99 58 159 79 44 207 142 23 80 90 90 52 214 183 115 40 53 160 1 152 141 73 219
247 99 24 110 212 113 53 245 168 83 148 61 217 200 34 40 250 158 100 130 24 164 231 81 189 163 65 209 166 224 197 36 214 168 146 254 163 121 190 200 219 39 156 237 163 3 56 139 225 161 9 157 178 29 160 26 198 244 251 100 110 12 92 139 101 47 102 82 223 67 92 159 203 200 163 23 139 213 1 159 116 94 46 2 235 244 50 176 214 127
229 222 89 14 140 237 47 5 241 7 103 48 126 42 109 231 184 9 115 33 109 19 47 209 184 56 248 255 131 94 147 172 136 140 12 38 128 122 23 107 63 28 117 84 161 15 28 34 160 175 207 252 84 49 41 177 201 0 88 22 36 134 56 139 193 22 149 3 214 136 213 199 220 247 91 27 190 81 224 249 34 204 76 97 247 239 73 9 121 242
216 161 236 10 75 112 76 255 120 19 78 81 130 224 122 110 161 43 251 24 117 191 7 205 63 129 246 130 0 248 129 96 95 184 122 212 158 251 69 224 230 52 81 19 211 177 106 133 185 125 50 76 144 132 81 71 108 204 98 22 185 251 203 86 83 50 14 37 121 57 161 101 177 99 128 60 224 233 23 130 123 232 182 202 206 72 139 111 250 206
227 66 20 204 98 140 71 177 117 41 207 248 151 165 183 120 218 103 101 102 12 180 57 80 77 220 102 217 141 231 37 135 245 108 159 245 197 144 240 99 255 130 62 147 7 83 238 239 24 163 171 184 119 171 93 191 241 208 140 240 29 32 75 96 242 127 187 10 150 159 208 55 192 211 113 65 46 154 155 82 13 109 172 18 211 222 158 127 88 157
217 27 97 182 9 180 199 128 27 7 158 141 234 97 148 111 167 205 33 23 192 70 232 98 225 201 153 138 118 139 146 145 111 129 66 10 51 234 255 51 124 61 189 73 4 150 57 38 127 68 72 191 26 197 236 115 104 32 234 188 171 121 42 125 69 223 59 166 71 153 252 102 125 110 159 60 168 112 9 49 117 83 69 57 252 8 183 76 201 181
88 201 75 105 144 182 170 150 80 71 251 36 26 237 39 111 39 226 219 171 218 74 251 108 102 201 34 208 23 174 72 199 24 18 198 33 45 33 147 201 97 28 246 102 11 16 175 11 199 83 211 119 51 232 180 224 87 180 222 152 233 193 211 89 7 68 35 188 150 226 139 25 25 117 34 162 38 213 208 96 190 174 204 56 82 200 10 234 59 107
72 92 192 35 37 233 45 76 145 40 233 68 73 188 78 69 134 177 255 106 79 39 161 8 116 198 170 134 194 142 219 174 82 82 61 179 237 168 76 137 20 148 57 79 85 251 223 45 232 210 214 59 142 246 167 141 10 59 105 168 167 199 90 228 203 217 174 124 193 163 11 138 183 78 182 88 210 204 109 47 187 199 129 125 221 98 236 76 71 231
169 96 101 88 132 37 193 210 221 172 33 201 42 214 181 250 121 252 80 33 203 198 245 192 174 89 163 203 0 133 90 212 122 222 231 160 131 69 251 124 131 129 100 244 61 119 245 2 226 85 232 70 172 224 207 91 216 68 227 255 9 233 39 59 172 219 52 241 137 105 198 228 23 103 3 56 14 154 87 33 202 25 27 27 2 246 38 102 106 119
47 4 135 173 252 39 85 179 253 157 103 175 191 138 29 245 145 254 32 10 0 6 50 52 193 152 123 114 111 243 253 122 9 67 163 142 130 208 210 100 192 162 178 242 125 231 130 100 226 43 144 116 195 111 123 12 219 228 165 106 31 81 110 16 173 223 103 123 65 218 240 169 74 9 217 76 190 63 113 117 139 28 86 187 248 133 108 137 209 48
9 245 4 197 198 57 174 59 108 102 54 44 226 185 142 85 193 212 163 36 73 95 77 97 154 175 21 47 104 135 85 238 157 233 141 21 115 30 33 197 163 202 127 94 108 254 49 68 91 248 52 254 155 124 211 122 41 129 219 228 89 126 193 69 169 29 80 56 67 255 120 226 63 183 118 199 182 25 51 13 174 192 53 2 160 110 33 157 193 154
174 72 120 119 252 14 233 110 230 86 103 149 185 40 153 140 226 80 210 189 210 104 221 170 198 65 30 119 67 180 138 60 103 225 143 209 82 178 230 63 130 58 226 44 166 255 180 147 166 15 48 227 186 56 5 181 192 134 111 52 125 58 188 77 229 1 22 165 175 232 87 90 19 161 12 55 148 144 179 57 161 132 121 126 104 72 9 96 103 87
89 158 28 103 3 27 179 202 2 115 111 21 134 178 149 255 175 121 249 104 94 251 56 44 101 136 63 40 64 50 243 183 95 11 215 93 175 5 138 36 225 234 249 12 179 204 2 168 180 165 127 70 141 149 9 179 117 118 47 59 102 143 211 44 98 210 22 53 44 172 59 55 146 217 7 193 197 160 254 249 69 218 124 92 174 60 251 63 133 41
226 138 216 153 92 198 41 4 28 79 52 18 6 250 206 68 102 182 94 217 122 37 5 95 14 228 61 125 70 53 0 84 253 124 241 75 34 174 253 191 150 8 179 78 127 226 249 244 144 35 67 66 147 236 155 103 195 165 138 191 178 179 221 155 241 226 179 153 109 171 122 7 221 99 35 87 30 36 201 137 156 56 86 89 48 168 58 1 154 40
199 195 169 215 117 124 71 90 39 23 244 106 58 228 125 66 6 52 109 21 206 78 3 23 196 138 128 219 118 60 113 243 117 83 13 174 47 24 243 46 216 148 95 130 30 93 151 71 170 122 248 205 81 200 210 9 167 33 59 212 207 131 185 252 38 126 186 210 255 3 98 175 120 116 113 38 54 175 236 125 71 97 211 50 90 107 199 240 173 200
100 76 127 149 153 219 164 171 89 207 91 80 25 234 30 123 141 107 106 68 113 164 85 93 7 97 237 29 10 130 234 11 171 67 11 154 70 233 99 44 229 57 77 18 37 90 240 175 228 67 235 22 166 246 45 29 52 211 223 171 199 247 156 195 46 127 147 11 90 195 154 234 138 31 85 90 41 212 35 225 183 189 240 106 245 161 89 227 41 176
127 91 29 194 183 146 1 238 189 5 211 80 153 196 158 91 175 162 54 15 167 231 159 183 229 29 169 89 78 152 84 208 150 139 78 195 243 11 127 77 53 109 80 177 253 59 237 196 130 214 75 179 227 13 243 8 191 232 139 206 110 145 216 234 187 207 11 174 120 99 11 106 163 208 21 182 51 97 94 68 159 158 131 7 33 140 131 139 179 151
250 163 40 162 228 162 189 67 224 78 252 168 225 125 172 2 1 87 36 93 63 198 228 30 144 40 197 73 152 33 187 69 2 194 59 156 21 42 8 169 73 231 52 56 152 89 31 158 50 82 184 254 15 67 228 70 225 171 174 100 19 124 113 11 215 14 45 34 94 59 131 78 1 98 37 87 133 120 107 100 152 130 186 96 133 106 141 40 93 196
31 44 246 135 220 242 121 16 46 98 64 23 91 152 99 109 115 160 61 33 25 228 43 1 219 16 166 224 1 73 168 148 207 89 233 146 160 65 102 105 38 232 214 254 127 173 194 179 16 161 1 34 163 5 96 238 35 212 55 160 33 254 228 229 127 203 28 21 237 114 233 59 111 239 101 168 217 227 15 60 49 226 170 238 172 90 114 233 26 200
250 12 246 39 58 87 142 218 15 253 85 225 201 211 11 69 234 43 163 185 250 122 48 2 106 57 226 225 194 24 13 29 145 252 131 32 236 119 14 167 2 246 188 179 253 77 56 250 149 120 186 241 47 92 203 162 192 44 90 233 233 75 82 94 202 104 106 188 79 111 24 34 196 36 120 61 237 19 164 217 9 135 214 203 157 87 236 190 163 166
190 104 251 101 135 125 165 188 50 241 59 37 165 112 101 90 24 93 64 254 254 52 89 181 47 1 223 182 211 35 63 21 250 35 112 95 4 126 25 127 23 119 235 193 79 127 243 219 166 134 107 48 93 142 173 18 160 147 39 155 100 197 249 10 221 135 193 213 22 226 100 115 118 160 224 144 57 112 212 113 0 216 144 177 7 223 242 152 67 223
93 172 99 240 61 44 110 133 76 150 42 133 139 180 152 2 12 15 161 58 98 198 160 211 9 52 70 63 177 153 103 93 195 29 54 65 55 14 65 243 16 131 227 169 157 57 84 210 221 200 239 100 189 32 166 49 2 41 248 93 24 237 197 31 14 152 201 199 159 113 154 135 170 216 171 220 28 173 21 147 158 31 73 50 224 150 244 33 238 188
24 173 145 155 198 7 212 221 141 184 115 39 222 190 139 178 3 56 37 43 189 130 32 59 1 153 173 2 2 242 45 153 2 36 208 255 204 105 132 236 121 252 71 24 176 21 198 102 151 146 28 72 89 103 98 229 231 24 104 194 240 108 194 199 183 251 136 220 180 171 152 19 138 115 179 205 4 242 21 88 41 77 140 205 38 215 59 153 76 85
128 199 78 24 221 167 66 185 177 212 133 105 28 47 163 173 10 149 102 194 210 66 104 161 159 21 248 86 201 211 100 93 105 186 45 38 6 79 228 16 151 168 239 21 94 32 89 175 29 143 147 86 52 17 67 0 147 71 218 152 34 10 6 128 107 172 86 67 129 0 152 210 12 153 6 51 226 195 181 5 184 221 205 99 63 211 206 177 205 85
57 117 136 65 242 134 70 218 222 43 247 64 24 24 86 7 28 145 217 181 215 75 201 97 153 130 120 19 247 158 109 213 16 156 16 242 112 4 242 150 237 114 195 61 84 85 54 123 23 190 38 95 97 207 67 226 124 236 8 117 167 130 169 232 100 19 201 243 218 175 153 96 93 119 127 68 120 245 208 109 21 94 113 141 135 132 56 162 26 0
29 249 161 67 183 13 3 122 122 77 219 194 109 78 201 69 159 111 208 168 131 90 77 219 67 73 254 87 181 10 10 15 56 58 145 42 214 36 92 162 18 253 114 93 72 71 36 170 88 182 25 173 216 226 38 243 51 199 195 98 65 89 155 51 128 192 50 30 229 194 78 195 251 49 88 66 179 125 77 54 99 84 213 106 91 159 24 59 43 221
147 77 67 69 230 187 210 229 152 232 209 113 119 54 33 132 140 40 202 61 250 111 35 53 100 155 228 104 32 132 136 192 113 144 236 37 189 9 171 62 132 98 40 104 212 101 188 54 134 193 90 132 67 101 131 131 80 109 82 11 61 115 21 32 175 160 131 64 51 240 227 40 73 205 202 91 33 251 6 150 44 230 31 145 28 134 80 193 255 228
130 163 32 51 73 128 252 22 212 88 114 152 237 137 55 98 126 64 82 114 165 10 160 32 113 192 106 178 236 223 248 138 181 141 36 175 224 100 98 51 127 249 4 26 78 242 90 1 8 115 8 210 80 204 16 3 139 249 222 51 214 221 79 28 164 14 115 190 68 183 223 238 247 180 151 26 254 76 26 247 229 41 167 131 76 13 251 51 119 248
57 7 254 166 247 32 106 230 61 182 155 150 250 9 204 87 137 38 154 1 132 184 46 78 177 82 44 201 138 168 95 252 135 0 132 193 225 4 41 146 203 24 164 205 174 253 233 251 183 26 7 250 240 41 54 113 52 41 133 141 154 55 54 20 203 14 205 176 205 209 202 76 98 78 43 225 94 57 141 246 132 101 104 45 254 241 117 63 243 4
189 250 64 72 215 37 190 12 54 74 48 74 164 112 75 213 236 116 14 104 225 142 61 40 76 124 74 121 229 252 200 234 108 157 101 232 123 37 185 203 160 110 66 176 243 122 67 95 155 74 3 84 179 48 251 252 141 190 18 228 8 104 43 18 161 140 50 79 213 171 235 107 135 79 104 243 59 96 100 76 69 100 88 244 181 6 37 206 52 183
75 95 62 159 62 9 171 220 79 99 248 124 7 30 17 125 248 215 79 93 125 131 64 148 154 103 27 14 170 52 183 242 95 111 94 252 215 167 164 24 55 46 73 201 202 250 96 203 233 80 29 151 230 15 3 100 174 212 94 110 151 95 32 112 193 111 141 174 219 232 225 198 23 25 21 95 143 145 170 217 210 104 205 112 236 3 164 185 147 39
134 98 248 99 211 161 8 253 22 115 192 37 9 198 174 97 39 150 59 68 215 164 66 137 88 141 247 196 176 194 35 229 134 178 143 9 104 26 61 254 132 98 11 202 177 54 152 151 60 14 160 69 19 7 6 93 232 96 136 69 35 243 195 124 243 245 234 78 158 86 19 14 224 180 132 115 174 206 173 180 133 123 128 14 85 126 5 63 242 92
