92
75
63
52
144
63
162
82
71
44
87
236
94
155
209
242
97
182
175
40
79
66
174
19
3
16
159
97
217
68
104
88
152
103
116
205
143
148
222
62
77
121
90
164
78
65
136
53
179
36
204
190
125
85
232
0
123
143
165
188
6
217
190
68
214
175
187
50
100
74
246
203
80
124
99
205
12
51
236
39
117
204
216
19
38
42
245
231
219
34
54
208
67
160
198
209
122
194
50
141
179
46
182
83
213
108
91
218
216
24
84
101
136
176
132
13
27
184
72
181
67
187
102
179
237
135
130
138
147
201
185
11
165
161
88
110
199
162
97
81
25
134
104
53
146
89
113
214
207
30
160
41
231
64
59
45
0
255
220
174
75
146
164
156
183
241
158
68
36
228
34
201
29
241
237
111
107
44
93
26
