198
114
108
37
234
44
135
118
142
116
103
166
231
0
202
25
6
16
28
48
80
76
168
115
228
110
124
202
201
138
13
33
94
9
72
137
154
177
9
146
233
48
46
141
151
240
74
217
213
172
90
65
241
141
133
110
224
27
185
109
249
253
140
204
9
98
67
217
71
235
163
62
93
122
19
145
17
49
246
160
149
191
58
222
76
168
34
81
217
35
22
63
183
86
71
68
177
43
172
12
115
175
222
3
223
119
182
6
128
188
81
67
119
157
54
192
229
195
16
221
100
231
39
21
167
29
58
174
35
8
52
224
143
25
172
24
29
90
7
31
230
141
35
167
202
184
245
173
71
53
71
148
56
144
196
16
248
48
18
33
