163 119 46 214 205 213 204 94 201 174 249 7 51 116 59 21 221 11 207 11 199 204 164 198 38 90 78 182 209 3 228 164 77 182 187 156 33 244 238 28 95 182 110 101 63 162 10 1 131 97 42 100 97 91 82 73 143 128 31 50 119 197 8 80 106
181 236 156 5 217 61 136 99 62 141 124 64 197 254 156 65 7 20 188 109 175 123 157 85 242 219 103 105 56 87 206 153 150 192 13 143 225 101 229 236 159 111 48 142 58 190 191 80 194 46 39 203 233 135 23 134 140 172 227 8 9 121 188 99 72
19 7 163 168 48 90 148 21 214 8 85 92 179 139 92 174 226 95 176 214 132 222 233 243 32 35 126 140 7 65 107 244 165 26 161 114 104 113 29 14 123 184 185 23 152 87 144 109 172 207 39 149 152 33 103 247 116 240 51 104 106 26 254 110 152
88 148 223 28 255 186 58 234 169 231 153 181 99 115 57 168 62 73 91 66 173 197 178 109 22 126 109 216 149 183 173 114 229 186 8 251 238 145 97 15 166 63 210 217 69 231 75 152 130 209 150 75 21 225 238 143 19 242 234 116 30 187 128 116 117
142 139 186 226 12 119 205 49 127 210 213 200 164 143 39 31 6 42 207 215 5 66 175 38 111 23 146 93 40 50 161 151 121 236 123 164 229 43 78 130 229 6 98 113 131 153 172 89 46 134 228 201 78 1 227 106 20 139 124 227 87 142 235 58 149
119 86 138 47 112 209 189 180 31 53 2 63 48 11 183 94 23 238 163 243 209 50 218 163 182 66 193 172 82 188 114 166 95 244 65 190 41 42 179 145 199 108 110 165 142 171 198 249 252 164 48 210 136 13 143 255 124 91 31 66 232 151 181 178 26
117 201 88 15 208 177 75 244 179 109 205 34 216 176 82 208 51 238 76 220 241 187 74 57 183 29 119 115 40 106 60 209 205 13 43 90 78 75 234 129 228 197 157 84 120 44 41 45 37 227 105 101 145 105 125 25 216 161 104 19 93 67 45 210 239
17 58 229 116 40 37 42 144 20 204 115 10 227 240 208 248 17 241 91 195 106 8 44 161 170 115 162 47 94 75 179 15 95 131 171 183 134 0 98 192 13 34 194 16 112 164 186 246 80 63 77 191 86 123 239 24 98 207 203 226 230 153 21 10 5
246 177 245 240 147 147 153 74 38 61 145 153 56 167 193 121 80 246 71 255 25 141 234 94 186 27 93 133 200 255 42 100 203 244 188 227 247 47 232 64 33 132 112 214 178 40 19 115 16 81 205 190 44 215 227 126 221 37 34 224 32 7 47 176 60
135 11 117 31 104 176 137 177 77 53 59 8 124 36 142 74 182 31 196 105 169 254 62 235 223 178 72 1 224 199 247 162 241 190 234 108 127 134 106 102 214 172 245 203 83 114 153 81 87 190 154 254 58 211 203 248 95 106 190 57 164 164 130 193 36
160 112 134 137 128 107 224 91 115 76 120 56 89 115 88 177 35 204 196 53 34 137 192 81 60 128 183 105 187 22 49 14 136 30 139 5 12 31 75 69 21 228 76 103 181 59 6 5 90 234 116 81 104 58 41 182 145 187 198 149 189 131 16 179 183
84 18 59 51 214 188 232 94 220 5 135 219 157 142 249 51 121 79 100 241 176 194 117 146 28 105 214 29 246 172 1 145 56 251 23 211 159 251 216 62 32 158 220 105 248 191 104 175 250 115 156 107 224 134 189 250 184 251 174 249 145 54 108 187 182
136 69 65 33 97 148 11 59 1 220 148 90 125 142 51 46 75 28 195 221 183 221 19 86 251 56 37 191 191 217 246 67 28 85 211 246 253 150 52 22 167 76 21 75 198 240 252 3 54 16 41 26 65 223 226 143 59 10 169 24 127 213 54 177 239
232 242 1 175 162 173 254 30 241 177 189 63 174 205 118 8 17 41 41 195 128 52 206 132 133 207 33 73 165 240 3 37 177 252 81 123 150 36 151 172 18 13 88 15 251 148 147 135 114 248 202 161 147 240 97 6 73 88 48 238 116 236 247 73 99
109 143 98 247 211 57 143 227 158 173 140 19 54 211 202 131 146 165 190 121 84 93 174 158 135 65 30 181 125 217 81 33 213 19 20 108 116 213 10 17 144 93 151 128 65 55 91 178 66 173 90 152 218 56 110 192 209 65 227 145 225 116 58 250 27
149 66 19 195 19 223 127 105 189 251 165 58 198 164 226 185 159 219 175 148 176 177 78 204 199 191 184 133 74 71 7 26 179 57 18 161 94 235 72 183 146 184 74 228 233 154 115 123 15 84 11 202 240 195 22 78 150 162 82 224 85 223 31 107 44
203 24 47 237 6 17 114 113 6 184 52 84 236 70 165 212 70 183 205 121 75 65 43 84 5 9 215 18 137 163 177 12 88 221 44 100 140 23 0 217 254 113 69 167 104 234 96 201 242 15 45 43 251 46 218 10 232 34 61 68 94 199 203 163 79
4 164 80 208 219 9 238 160 144 31 255 105 214 92 22 223 134 86 103 30 128 153 77 85 102 130 15 79 39 103 226 89 148 27 217 99 111 27 60 172 112 109 65 57 36 139 227 124 16 34 124 57 198 62 216 182 232 5 141 13 89 71 73 68 92
252 55 23 118 130 185 102 250 13 12 157 15 245 167 135 162 210 49 159 174 104 154 182 23 82 5 92 113 143 188 174 35 58 155 202 131 99 182 30 149 9 178 27 254 107 226 178 243 105 30 32 223 220 57 179 3 168 78 221 248 237 169 137 197 84
65 95 180 97 47 152 10 166 111 28 151 87 143 149 0 30 108 49 126 254 161 201 231 91 176 198 248 67 91 241 0 212 247 14 252 92 77 113 167 20 84 118 45 220 225 13 85 164 227 68 140 17 92 222 60 210 158 128 68 178 168 86 131 166 115
110 26 148 42 223 237 191 30 210 126 240 103 44 114 216 73 103 94 69 221 232 253 111 124 66 83 202 155 62 64 0 51 20 237 16 125 40 77 13 17 130 77 159 98 56 93 244 218 245 9 126 181 67 233 133 218 173 32 173 109 106 90 252 68 150
60 93 163 224 245 179 35 88 29 156 48 242 125 141 183 77 188 231 74 65 125 254 119 63 65 236 128 41 43 139 28 129 82 150 78 74 211 167 149 140 143 246 117 47 141 242 39 54 112 2 99 5 239 213 240 221 130 254 0 22 35 120 77 60 24
123 234 61 124 124 95 114 122 176 37 164 198 42 209 35 32 76 73 76 46 91 126 208 76 222 185 154 133 146 55 179 209 68 171 172 175 233 54 199 18 31 172 148 169 154 135 10 71 193 200 109 94 32 134 114 63 141 85 29 101 174 18 212 84 206
194 95 93 34 251 209 230 52 98 206 138 255 146 197 28 10 21 27 229 33 130 156 200 235 70 120 46 5 199 232 245 48 98 74 44 179 105 100 240 44 172 224 81 13 181 26 24 145 193 168 103 112 37 105 114 51 89 187 19 14 7 77 128 60 83
22 65 221 230 68 8 78 197 90 14 137 146 20 234 145 182 177 2 87 200 21 146 97 8 40 49 90 9 51 97 129 25 177 90 35 20 17 107 145 118 26 242 98 90 57 188 230 243 166 78 168 196 11 35 251 244 126 84 214 9 26 78 253 7 25
254 44 184 153 119 41 6 91 242 154 66 68 241 25 100 34 124 112 103 221 98 69 157 136 70 38 241 86 28 149 174 57 251 2 104 91 55 113 116 9 44 169 25 59 112 56 251 15 188 132 32 187 1 40 15 70 60 133 168 159 203 113 161 0 130
118 230 47 86 59 76 106 128 100 90 52 213 203 160 129 218 75 217 198 172 137 94 87 20 195 221 165 50 188 154 200 167 106 48 151 163 141 151 224 0 181 150 191 68 72 99 128 116 36 0 12 163 128 159 72 64 235 230 5 37 84 225 84 72 188
28 118 89 168 41 113 131 141 76 174 58 21 16 112 218 92 8 45 19 63 221 150 87 202 80 233 88 28 161 45 84 40 90 52 108 48 172 89 139 238 145 114 144 84 98 74 112 101 84 184 133 162 171 10 114 225 82 232 181 25 219 207 149 53 81
248 120 116 1 83 247 157 231 60 141 186 253 51 204 42 42 117 202 240 185 173 16 215 109 22 132 117 223 79 239 217 171 56 183 134 4 165 140 25 193 69 241 38 53 98 216 74 34 33 205 66 161 108 198 147 24 242 158 110 37 109 252 82 20 135
200 44 90 200 219 171 220 172 242 75 80 26 218 215 86 45 210 245 220 24 86 27 89 39 176 38 155 40 217 83 205 91 110 108 53 152 120 100 60 1 222 122 136 206 194 114 114 103 252 175 96 76 168 179 152 250 45 76 79 254 5 185 64 83 76
1 184 121 12 219 55 149 146 183 18 118 1 248 82 240 176 96 58 42 104 189 239 156 224 90 23 100 252 156 103 144 247 189 83 68 183 53 236 111 253 112 83 53 40 97 157 143 163 233 155 76 28 55 29 177 145 218 35 205 144 180 84 28 210 190
53 214 124 45 194 86 175 137 243 211 158 110 128 255 125 41 134 195 171 114 190 5 22 193 105 222 130 223 204 87 182 146 49 250 29 74 85 134 173 183 69 117 161 250 153 149 164 232 162 173 117 225 110 123 240 15 233 234 126 193 137 128 245 73 217
134 101 170 151 92 217 16 149 52 46 86 242 128 147 20 124 51 37 11 38 253 135 126 193 239 114 224 4 242 57 235 100 137 46 95 16 99 49 29 130 105 43 101 105 139 183 247 158 109 29 80 180 204 11 66 224 181 117 249 157 134 174 253 138 171
69 156 7 139 122 32 126 173 31 238 247 144 77 233 204 245 144 153 164 25 140 221 237 39 170 220 54 203 67 37 217 247 48 80 243 24 177 10 205 115 244 106 46 118 158 217 195 243 133 106 37 112 107 94 79 52 125 209 141 3 21 226 183 2 56
35 24 88 23 215 156 163 196 92 139 232 62 238 206 56 43 14 66 38 115 131 141 23 131 240 203 71 148 86 53 108 61 39 213 137 123 24 81 90 174 210 132 39 244 187 209 231 24 51 147 144 158 162 228 14 214 120 152 215 36 49 229 193 186 90
223 13 30 164 213 183 209 163 213 154 228 220 54 91 79 3 58 8 151 58 12 246 44 236 197 61 43 33 129 107 150 201 41 169 145 41 111 49 164 108 35 123 249 244 202 165 100 186 219 219 162 146 245 5 223 89 227 93 93 174 253 242 85 164 243
108 83 180 132 237 4 171 119 89 190 174 12 104 22 185 184 18 54 71 93 20 46 107 214 198 120 46 248 230 192 252 161 227 18 108 64 79 160 79 255 182 72 134 161 72 61 224 240 75 113 131 158 187 50 26 180 0 113 193 197 46 144 186 8 60
187 194 205 0 9 60 139 120 77 101 156 244 173 102 115 161 56 171 54 170 161 53 227 2 251 26 240 184 142 251 153 9 69 96 15 55 127 50 8 109 115 42 92 102 180 70 169 123 118 139 102 246 58 93 35 94 239 76 54 38 165 98 254 175 52
54 206 190 129 180 76 14 231 57 164 125 246 1 120 189 73 32 187 243 27 38 125 71 167 23 18 149 255 16 61 38 239 35 119 47 241 33 231 252 140 122 43 7 128 67 67 66 35 228 7 213 80 27 75 178 47 217 202 224 217 53 168 117 18 17
231 86 75 123 156 155 53 227 58 94 16 216 221 194 80 10 69 58 9 244 87 218 58 4 84 51 113 80 48 251 10 18 94 171 40 102 68 12 187 206 162 23 105 77 11 10 15 151 218 199 169 59 197 76 86 74 2 49 121 173 2 122 85 59 67
233 59 158 152 150 54 78 251 12 174 32 61 82 155 123 7 143 5 197 0 70 244 82 194 62 228 154 209 58 149 183 58 91 17 98 103 50 204 214 155 88 117 68 88 64 11 154 107 10 165 148 47 250 61 234 209 229 197 162 181 157 236 145 86 175
142 193 199 20 224 38 213 191 78 222 172 92 94 238 100 236 0 201 71 245 84 43 55 188 241 173 167 58 153 94 189 88 121 90 103 245 176 114 27 70 253 185 163 153 46 65 136 169 69 168 164 46 132 141 237 64 141 118 139 155 67 125 9 43 49
107 43 102 34 215 216 210 221 115 228 90 35 17 189 161 223 127 80 198 6 65 227 237 19 69 232 215 75 193 44 23 172 85 177 240 186 66 104 225 212 23 63 101 235 222 234 25 59 69 218 33 199 164 94 151 236 35 238 182 241 32 135 17 240 175
91 248 58 192 236 124 64 208 4 218 239 236 112 193 28 158 252 136 170 7 88 15 217 49 105 92 55 229 211 12 171 76 112 240 76 220 170 131 55 42 212 231 91 174 196 239 219 155 52 23 202 105 176 182 23 184 14 229 241 159 223 193 119 147 250
13 243 198 134 106 239 149 67 246 197 188 75 126 231 186 34 203 246 193 58 172 167 76 242 112 47 70 95 183 125 40 43 27 69 22 4 130 157 121 159 147 209 216 24 55 84 86 34 122 86 67 201 25 38 126 75 15 75 18 158 173 163 129 14 229
78 171 0 60 189 250 42 248 121 141 26 81 187 141 48 111 108 51 10 38 101 175 238 189 51 190 157 198 91 61 54 174 138 232 157 133 37 9 161 52 130 36 126 150 145 17 138 46 100 82 176 252 16 116 89 124 93 75 68 120 237 39 231 255 63
19 27 198 86 171 161 218 252 86 34 203 46 175 98 39 154 150 240 199 7 249 22 122 109 139 82 248 181 22 223 187 65 163 115 225 210 21 126 10 40 9 181 154 145 17 171 206 87 203 64 185 44 14 36 181 193 89 155 51 254 150 161 44 40 178
4 34 237 221 20 239 38 255 128 139 193 19 122 26 106 175 234 224 145 20 197 215 7 166 8 187 96 44 46 66 131 194 6 81 215 22 183 196 132 213 45 155 92 68 237 150 48 212 153 44 3 58 229 235 124 0 86 120 197 11 179 23 239 194 254
250 60 147 125 105 2 235 27 35 34 73 20 178 75 234 55 15 105 39 48 5 119 84 188 79 43 103 122 174 30 53 24 124 19 22 82 168 103 4 244 211 24 50 136 66 221 236 197 143 224 213 36 10 109 139 98 5 9 123 88 152 49 203 234 209
206 187 227 147 21 55 98 112 222 43 44 86 175 185 78 74 68 225 100 9 171 80 67 244 240 58 199 13 127 14 186 248 28 15 221 213 246 115 218 142 151 208 194 34 205 35 56 170 155 72 174 189 194 19 52 224 6 21 240 125 178 140 26 157 205
12 33 41 246 252 138 107 143 114 144 143 102 145 56 206 218 180 202 39 244 126 54 37 188 61 101 0 144 252 19 226 229 35 144 11 214 203 233 231 166 26 233 134 250 255 230 97 210 109 222 3 238 74 7 153 30 228 157 184 228 55 133 211 156 31
253 173 42 194 56 139 213 67 252 157 161 19 159 130 192 245 239 39 229 111 71 74 86 224 3 73 63 139 161 210 89 14 24 5 27 230 54 110 36 76 202 146 7 134 242 16 143 165 41 232 22 88 174 135 3 148 169 120 109 182 234 40 50 52 189
25 190 245 18 8 103 125 102 205 50 53 102 149 18 0 159 207 150 142 87 18 95 179 141 167 111 117 131 144 15 107 196 221 34 102 86 52 154 230 245 62 173 176 163 55 227 100 163 2 52 161 57 2 170 47 142 185 95 126 187 5 36 198 169 89
10 139 64 179 137 120 252 53 168 104 209 80 60 30 115 133 194 167 245 71 213 140 60 14 27 25 22 25 110 77 163 222 100 55 69 249 210 129 47 143 167 140 188 158 150 43 0 192 218 167 57 15 178 215 87 226 207 44 189 245 67 140 191 85 176
145 26 20 101 123 88 116 55 177 3 100 229 154 63 243 70 252 92 64 82 188 80 76 37 210 192 38 195 170 137 154 97 163 73 130 29 187 218 227 2 161 126 235 236 210 250 14 70 75 198 215 86 184 101 74 51 8 160 140 162 222 142 10 29 164
86 4 212 104 141 243 250 75 158 85 137 239 37 146 136 234 207 154 208 61 38 240 106 66 38 11 51 221 102 49 133 59 85 167 29 190 255 87 54 219 254 206 33 35 144 42 210 222 9 157 9 87 154 79 190 48 74 45 101 220 81 254 10 87 219
39 140 157 177 81 194 216 16 255 114 11 7 232 36 141 109 18 84 5 237 83 82 51 199 243 139 128 223 188 162 161 51 92 184 196 193 255 85 201 185 102 31 116 163 98 67 39 203 235 40 1 151 254 165 119 163 96 243 197 73 40 97 209 139 12
139 49 251 150 120 115 251 229 149 64 101 67 95 94 33 130 223 49 27 0 8 253 73 97 224 144 108 253 241 198 43 160 27 150 245 10 20 100 179 111 75 189 196 141 189 233 250 166 227 85 133 16 137 124 30 236 224 206 224 214 64 78 250 209 206
231 166 220 153 160 201 167 64 89 51 171 21 91 125 18 218 93 167 96 224 152 128 192 130 107 254 65 113 134 123 159 239 185 115 195 94 241 153 90 213 230 202 215 166 114 228 4 219 104 140 187 7 140 14 231 146 148 33 26 9 103 189 141 92 168
63 122 117 179 20 38 71 95 250 58 172 5 175 57 13 69 127 25 15 204 113 157 221 1 63 62 224 3 248 199 188 66 39 99 246 103 215 40 207 61 177 157 40 158 212 146 104 3 152 137 154 22 63 168 152 4 104 223 111 87 209 86 54 52 33
242 84 119 231 128 225 21 227 3 83 144 150 51 129 211 166 183 66 125 75 181 255 219 127 32 157 0 208 247 171 100 81 235 108 111 49 164 38 151 54 82 75 131 97 240 142 117 40 172 117 18 86 7 189 229 24 193 93 53 56 99 140 56 3 204
65 147 61 171 103 193 76 95 83 159 238 21 119 83 34 158 67 147 208 138 240 229 40 238 223 81 76 121 225 176 191 170 30 161 107 138 90 91 83 109 200 128 128 22 59 130 52 14 97 253 215 146 54 166 255 79 226 196 54 148 85 92 201 107 59
33 205 18 31 142 10 241 207 199 59 180 108 169 107 73 122 73 0 0 72 118 181 240 208 203 22 100 43 207 253 143 163 178 196 14 209 36 188 138 127 147 182 222 143 8 49 179 136 106 193 42 102 207 133 228 130 165 52 200 189 126 90 223 20 80
110 238 151 70 174 154 33 52 98 85 75 173 47 104 238 183 218 189 166 213 25 54 249 233 12 116 142 9 37 230 94 144 152 148 167 223 81 106 69 216 166 237 241 101 239 250 149 75 213 104 177 60 198 194 55 14 46 26 172 211 173 158 47 197 82
162 40 234 213 187 228 121 126 87 170 197 188 81 86 16 85 70 55 17 33 205 60 231 194 253 109 58 191 45 35 76 184 126 59 96 38 208 245 234 80 45 70 26 223 119 94 235 147 189 46 207 16 136 218 189 193 150 12 196 229 171 227 99 23 92
17 186 248 52 152 81 72 40 34 40 135 130 222 182 151 9 113 191 1 138 157 3 51 223 101 66 143 136 189 91 196 147 142 38 75 135 88 53 16 97 250 234 136 40 232 120 36 252 121 55 104 68 23 118 40 121 152 74 91 221 78 47 117 241 132
162 237 94 139 80 27 128 181 180 19 123 27 226 60 184 4 150 40 194 54 159 122 208 51 55 239 38 69 144 44 137 89 180 166 113 233 44 61 235 205 201 128 227 63 128 185 0 252 86 149 240 4 29 66 138 231 179 137 2 233 28 77 161 158 113
173 117 71 174 42 177 127 60 105 31 28 34 93 7 32 184 18 58 41 233 239 164 214 52 26 223 83 224 64 52 237 231 222 222 95 107 197 228 154 63 219 236 0 18 189 17 239 164 159 244 178 253 41 169 208 207 244 67 71 250 39 186 13 180 33
176 120 219 173 120 57 37 233 174 223 218 130 66 242 196 9 79 255 0 124 167 33 76 173 204 203 87 97 111 225 231 176 119 167 58 153 197 55 163 223 236 220 163 213 165 127 130 17 138 118 250 32 80 194 223 128 44 28 19 31 44 185 244 110 201
150 117 83 206 84 126 38 173 122 19 232 25 186 250 9 7 206 44 66 255 243 38 119 96 243 199 18 240 85 118 130 48 34 64 175 220 158 153 254 63 242 104 13 114 143 101 44 98 24 87 49 127 119 189 218 170 58 138 57 216 3 210 186 169 136
193 69 205 79 9 53 140 173 92 198 178 163 176 191 208 112 99 80 229 103 95 77 147 59 235 40 154 222 0 6 174 233 88 106 162 55 38 48 219 58 23 153 176 207 183 93 78 3 170 134 107 54 245 248 201 119 164 204 59 83 78 37 112 203 70
149 28 28 252 23 174 69 183 15 29 197 203 136 218 124 150 25 37 197 80 177 36 73 145 236 251 0 247 176 53 138 112 113 32 88 145 229 46 37 107 171 211 245 1 58 12 178 83 7 102 65 89 139 182 105 148 59 35 226 126 128 75 110 230 226
148 40 14 165 103 59 33 37 15 240 91 10 4 97 104 48 169 9 29 118 187 136 76 228 183 249 97 197 105 105 49 176 27 37 248 151 212 31 114 104 47 107 43 167 202 67 142 253 179 130 97 108 19 230 10 120 170 205 132 222 28 64 195 43 23
20 203 76 114 85 195 240 55 150 176 197 26 197 22 159 90 252 253 104 220 135 113 150 239 5 29 39 56 102 188 73 58 88 109 152 195 6 237 127 55 236 175 119 225 21 146 9 15 128 20 63 253 22 36 176 82 12 204 240 218 147 172 79 1 125
185 64 117 72 100 59 185 150 19 177 6 145 42 207 125 227 176 21 241 55 23 94 22 30 89 65 241 195 57 23 198 95 245 162 151 182 149 234 40 43 169 202 184 238 119 178 24 91 14 147 13 135 172 159 97 173 255 83 120 252 0 16 3 228 224
168 21 213 75 106 241 225 46 154 27 107 31 39 128 226 6 141 44 145 19 85 97 236 76 16 28 56 61 224 241 50 122 115 225 174 30 114 126 3 47 68 127 182 247 22 204 155 254 202 241 123 190 21 76 46 0 130 13 43 163 105 58 78 126 142
132 19 156 125 110 145 206 114 167 250 151 0 14 48 131 108 211 85 30 170 46 54 158 236 97 228 190 157 87 208 102 114 139 104 130 17 222 131 225 56 13 136 88 209 137 24 122 246 200 254 15 45 211 92 70 237 46 179 76 129 45 211 180 97 150
132 76 148 0 239 243 92 178 248 124 239 237 196 159 249 7 203 178 243 235 215 225 48 98 89 101 21 219 163 136 94 142 105 95 254 204 148 232 218 92 208 51 221 174 194 245 8 131 97 153 47 34 221 58 64 118 2 12 134 211 0 97 180 34 0
56 170 102 134 125 22 98 37 224 66 75 68 174 151 113 187 82 19 121 173 133 190 120 43 250 116 157 230 107 232 85 130 71 203 153 182 173 123 24 199 178 23 115 178 174 208 111 170 66 181 207 101 173 56 92 73 166 108 110 53 232 85 161 202 192
92 198 12 228 132 16 234 216 177 84 2 111 27 102 81 139 201 178 153 78 20 100 34 35 126 177 247 225 24 108 189 252 166 92 83 236 145 141 197 43 91 208 132 140 137 185 187 96 128 65 81 66 160 196 111 140 75 25 86 12 52 74 96 230 105
220 85 55 236 203 4 203 227 198 111 79 69 184 217 70 130 120 127 10 235 1 124 211 54 28 87 59 230 31 6 46 138 154 82 240 38 148 56 66 154 45 68 30 121 153 95 209 239 234 206 199 71 215 41 33 222 219 201 163 131 166 236 146 184 241
122 206 155 27 26 136 245 19 217 204 72 125 48 111 232 207 6 32 36 189 240 84 170 9 57 187 131 174 208 107 129 33 140 187 71 0 51 137 193 230 18 130 31 11 65 82 4 50 41 208 50 76 173 134 144 177 85 102 96 33 69 11 104 168 106
225 237 73 247 156 218 203 108 229 95 87 77 213 246 109 73 158 229 143 248 164 125 186 192 217 159 5 114 140 68 101 196 42 54 166 37 0 111 212 70 227 105 144 111 188 61 157 191 118 145 86 94 213 189 60 161 94 71 129 123 172 73 217 128 212
184 103 166 86 253 111 209 112 173 232 68 96 192 62 251 245 121 210 63 212 154 177 13 248 201 148 215 241 61 74 237 98 148 95 157 116 173 115 171 139 250 146 125 197 1 156 221 41 62 123 62 53 69 84 128 135 212 165 0 87 43 107 90 52 218
139 238 221 232 250 158 9 107 71 27 62 187 195 235 34 124 83 139 47 183 112 45 43 12 226 176 106 36 138 10 2 242 39 219 230 188 226 91 45 217 27 164 209 215 59 74 172 114 162 132 135 158 62 40 213 23 28 176 12 5 68 144 55 237 174
67 172 229 46 124 90 22 35 174 3 9 85 161 200 69 217 193 105 172 152 165 97 132 213 91 165 189 92 43 58 139 224 154 145 158 154 144 225 81 57 212 182 26 139 169 71 48 120 109 102 54 232 88 21 190 154 134 108 104 61 224 113 173 98 19
91 98 54 192 208 219 73 89 39 120 161 218 146 137 178 163 253 26 211 184 153 45 92 36 95 103 113 27 94 66 163 225 146 59 180 206 247 79 117 172 226 61 244 104 46 173 190 231 173 55 109 45 125 2 195 144 101 214 112 202 35 136 251 173 253
133 99 129 242 183 59 105 42 12 171 207 43 95 100 59 50 253 14 3 87 210 14 134 205 239 36 249 239 184 225 183 119 62 136 200 74 122 122 73 60 58 146 156 146 18 64 222 42 27 47 144 51 232 164 102 6 203 208 252 91 42 236 69 50 67
113 44 57 38 246 116 252 137 249 178 34 72 227 220 40 32 18 67 131 199 125 106 206 165 163 28 89 35 1 72 204 203 134 16 167 190 209 77 89 53 134 39 51 8 143 9 46 207 183 18 218 55 2 6 20 165 117 162 248 202 122 227 146 153 181
84 14 189 249 166 169 122 210 18 63 202 198 171 151 69 134 32 120 112 254 52 97 51 146 200 56 206 203 146 240 113 128 237 98 141 149 55 183 70 157 232 40 125 214 157 129 169 22 26 1 45 88 59 65 44 25 84 42 55 133 216 97 222 159 202
54 240 222 79 231 41 209 161 195 88 163 199 161 114 202 217 166 108 87 242 224 84 151 132 216 176 132 62 134 244 36 250 88 222 5 192 203 8 29 198 210 120 67 144 196 228 158 195 201 73 2 82 247 31 223 26 169 219 22 88 60 193 6 83 13
183 87 53 124 138 52 209 216 240 218 83 192 118 103 242 129 38 178 74 4 204 189 253 39 215 159 169 119 148 169 1 1 40 90 236 54 56 141 254 7 105 128 207 153 38 232 30 41 167 249 99 243 2 36 38 214 7 145 70 18 140 211 138 252 115
251 63 172 97 52 217 50 93 252 43 162 181 144 10 121 75 19 159 192 124 189 23 130 76 133 126 231 188 147 253 178 237 119 177 151 221 20 213 127 144 161 41 117 82 187 155 5 141 243 238 116 196 95 69 29 218 171 250 43 49 70 104 48 179 72
122 34 254 254 253 116 241 55 203 122 20 80 197 231 20 173 77 239 156 99 180 105 121 84 227 50 250 137 80 27 83 62 138 111 179 143 197 82 96 143 183 169 224 181 44 114 166 192 180 116 131 22 193 183 91 32 175 77 51 222 83 221 190 141 54
32 68 15 147 237 202 92 219 189 183 23 33 2 146 66 86 56 177 30 29 74 4 191 61 2 163 63 167 187 150 4 126 173 111 225 117 122 69 216 119 53 91 190 221 145 109 230 103 106 244 188 187 232 152 187 49 43 143 144 176 243 168 65 72 237
140 155 172 253 187 203 242 84 95 31 108 62 158 66 119 201 8 1 167 190 109 233 65 222 85 153 46 153 244 195 48 241 190 187 190 34 59 206 208 13 104 30 153 177 137 32 63 226 177 214 171 112 233 200 243 152 177 240 160 84 210 200 113 48 238
100 161 197 147 81 235 207 117 150 216 248 252 78 90 16 181 183 105 220 248 105 208 208 234 206 121 113 196 244 202 249 97 242 236 31 61 156 171 208 24 94 47 15 219 19 120 124 248 75 62 232 212 155 127 192 219 55 97 143 193 217 134 205 104 189
58 229 114 56 180 50 168 164 140 109 39 162 155 55 106 59 128 150 1 166 53 214 118 232 14 17 69 98 190 119 173 103 51 36 44 223 193 185 6 131 76 1 244 216 208 62 231 140 219 173 75 109 203 98 27 112 219 22 26 139 248 232 40 137 160
37 161 174 19 248 105 167 253 232 0 16 198 0 122 168 77 252 79 11 135 155 33 251 11 31 209 106 164 32 39 44 68 3 77 102 215 68 116 16 111 8 3 78 141 92 179 254 149 149 56 10 121 193 176 182 148 235 193 197 100 180 127 170 146 22
160 98 64 108 224 223 149 158 221 114 128 179 150 171 161 29 195 196 81 188 77 43 138 37 213 232 76 26 101 171 170 184 176 63 194 132 197 146 147 139 201 255 114 72 116 147 231 185 84 131 88 69 149 228 34 82 62 154 185 27 137 211 80 222 228
132 41 36 217 48 57 19 169 68 193 9 242 113 25 203 159 158 169 222 43 184 102 68 85 126 164 19 222 107 85 101 81 107 217 113 168 177 214 63 88 168 65 236 195 20 71 176 164 228 236 219 37 223 34 8 62 131 226 172 39 119 96 168 46 219
31 135 31 107 45 78 53 75 96 239 42 208 178 188 192 181 9 241 75 136 152 179 98 199 116 224 69 79 214 124 158 109 118 134 208 202 216 100 96 218 235 81 191 208 194 255 185 47 228 9 43 216 205 43 81 108 63 226 209 47 250 236 51 182 253
91 74 222 147 227 187 52 160 242 114 141 216 162 238 117 208 87 60 29 92 9 100 6 65 144 87 26 97 98 152 2 213 67 70 219 62 211 248 224 20 104 201 18 86 140 26 32 151 43 70 210 55 66 126 87 254 41 13 122 114 154 37 253 79 23
11 55 107 103 54 70 82 46 208 232 126 78 154 181 155 124 184 247 193 43 97 179 165 249 225 243 155 47 247 250 141 150 149 146 232 49 177 38 128 131 217 13 78 26 30 176 88 253 160 58 125 94 93 125 30 191 77 213 207 120 58 34 219 102 52
150 237 58 184 127 158 183 57 178 104 118 198 185 11 197 207 11 242 2 167 120 158 86 22 62 246 197 91 29 7 212 116 247 10 58 146 23 143 14 158 111 249 58 84 201 74 22 140 89 104 46 86 86 52 199 48 189 167 232 116 128 119 134 247 50
191 19 6 174 179 181 190 225 141 148 180 10 81 194 181 29 244 206 82 235 75 210 212 203 162 118 235 184 18 137 66 107 207 220 201 22 180 100 60 190 129 85 163 62 249 107 175 179 128 232 139 182 89 121 187 248 78 234 68 225 247 64 4 76 37
48 189 240 251 174 222 233 16 87 122 204 96 143 182 15 73 128 46 210 218 137 235 96 49 114 112 49 174 33 43 126 103 221 217 150 187 30 149 126 107 18 97 161 219 133 249 147 4 213 19 245 80 27 59 197 209 15 159 38 73 35 240 193 200 225
126 206 190 16 37 26 189 68 194 21 71 184 199 48 95 232 234 48 146 95 194 96 36 169 101 226 2 62 29 37 40 12 150 222 175 6 145 30 143 45 105 113 127 86 222 122 140 63 185 201 170 195 171 48 52 129 48 156 201 76 43 206 148 137 60
212 250 24 99 115 168 251 194 254 171 174 122 109 171 91 111 152 54 48 241 178 158 58 51 17 159 212 52 241 115 111 78 96 158 222 74 247 162 3 16 150 239 247 93 208 24 236 186 115 202 95 163 116 40 133 238 20 27 40 51 9 227 218 93 98
145 175 57 148 120 146 235 174 162 242 159 163 231 232 66 220 22 60 188 37 187 149 229 251 31 177 101 59 250 13 177 128 140 62 202 115 92 91 48 16 97 230 192 229 166 145 155 210 181 169 35 208 171 83 203 112 41 81 67 199 138 160 248 23 167
207 29 79 228 33 176 186 71 235 145 98 159 52 192 237 138 130 232 171 7 98 172 219 200 1 242 33 204 84 215 23 122 40 111 61 52 136 106 0 150 99 79 245 183 203 6 205 151 138 149 230 164 225 45 200 230 134 132 193 249 208 167 18 7 192
149 0 20 232 208 214 146 246 254 108 226 148 72 73 127 142 113 253 164 34 227 196 225 174 84 75 47 205 253 187 166 138 135 35 120 8 82 220 67 253 251 82 99 204 251 146 48 203 249 251 28 160 44 219 8 138 73 142 202 52 162 102 209 197 47
208 178 165 205 85 117 182 199 155 25 218 180 44 8 246 228 173 92 42 95 9 167 75 87 230 144 54 65 204 99 19 117 45 213 238 199 134 22 198 160 104 171 121 231 121 78 11 113 152 254 253 62 76 200 150 252 195 8 161 0 218 209 107 182 192
145 124 182 183 20 85 125 90 123 198 92 130 99 198 179 58 165 104 143 39 59 70 216 13 24 152 166 219 59 76 83 152 131 41 77 108 44 80 178 193 109 56 123 37 220 106 250 220 212 145 2 192 169 34 170 227 108 49 79 129 144 7 134 94 82
242 163 122 230 36 182 122 43 244 21 238 112 109 211 179 114 118 113 162 243 98 121 2 168 7 58 44 103 229 215 87 70 197 183 37 106 208 180 161 134 184 5 154 25 41 156 193 187 244 62 192 230 192 6 56 107 98 74 132 215 119 42 95 206 205
161 192 168 252 192 44 165 186 242 87 82 220 204 109 112 172 138 164 175 224 140 29 53 255 227 100 193 5 174 118 223 20 79 63 220 247 62 173 232 118 80 196 232 209 225 45 98 22 119 99 126 58 159 231 8 238 116 83 67 156 82 36 224 236 113
216 171 104 119 63 112 168 121 87 249 232 214 248 109 39 23 96 4 104 153 217 10 243 220 192 85 126 93 243 159 29 19 93 36 49 215 74 249 116 46 170 30 43 230 217 72 142 95 34 97 110 120 104 6 23 94 171 41 131 112 122 46 101 205 178
87 3 206 21 183 148 53 28 168 163 94 240 237 153 20 168 190 71 8 144 35 90 248 106 218 101 9 43 55 136 116 218 137 242 37 78 170 204 235 57 133 15 123 187 163 127 169 201 155 182 52 196 22 152 167 177 205 161 47 1 250 166 255 200 75
50 53 8 26 145 109 155 146 65 47 194 106 181 16 151 0 44 76 203 223 151 241 216 36 130 233 8 202 90 10 22 86 135 144 98 236 181 11 136 145 47 146 238 248 201 248 103 12 60 54 78 83 30 187 51 113 35 186 47 199 3 184 105 24 95
40 200 8 201 62 240 27 81 224 94 83 27 31 99 165 22 221 46 137 243 33 3 146 68 146 226 237 131 162 7 10 133 20 141 127 218 234 68 85 205 164 158 151 51 206 24 21 133 30 225 126 14 16 162 172 168 180 136 158 109 226 103 168 186 157
93 174 236 148 101 161 111 1 29 147 31 232 204 167 144 155 128 201 48 69 77 159 206 27 138 86 234 4 233 22 240 233 214 192 252 104 238 156 75 153 174 110 179 82 15 58 100 197 227 77 187 215 71 61 38 166 113 92 58 47 223 5 40 131 59
146 146 217 194 187 212 109 82 215 26 166 89 160 167 88 165 103 120 142 21 207 254 0 68 199 179 31 34 11 113 252 123 120 199 107 193 176 107 101 139 201 104 141 236 136 207 207 221 237 91 208 63 206 52 200 84 119 176 140 162 81 213 253 143 53
186 115 235 172 51 26 195 117 116 40 44 52 197 29 110 251 139 106 27 216 9 3 71 35 114 249 245 142 128 148 119 255 220 212 147 138 32 236 49 104 69 37 97 5 214 21 12 91 65 100 14 159 94 163 235 151 127 161 180 201 13 171 105 103 91
235 37 41 90 31 84 132 160 9 134 130 64 242 240 45 243 61 189 115 40 107 47 118 175 3 81 129 94 190 95 149 157 213 120 62 158 119 197 247 103 94 37 195 59 212 34 106 82 219 146 206 36 175 121 227 156 110 231 216 127 147 220 49 86 128
133 74 54 6 114 105 32 218 150 89 126 12 185 196 87 124 245 77 52 219 139 215 19 210 176 91 112 178 117 251 88 13 174 80 236 227 138 111 198 37 193 38 165 131 247 37 124 56 8 203 112 70 151 40 228 43 248 71 196 161 58 128 216 91 163
25 149 44 42 65 136 138 211 55 164 187 97 47 234 75 82 89 97 90 191 233 235 124 187 65 75 136 42 110 159 34 38 182 46 210 118 44 47 146 75 110 194 115 33 138 75 55 6 122 183 19 55 141 34 43 110 173 136 87 60 147 217 110 194 70
87 218 204 41 224 63 112 244 206 84 83 115 61 104 58 39 149 189 236 94 122 150 58 8 214 222 234 21 236 52 243 46 63 118 68 65 141 254 141 63 147 172 149 139 239 219 250 100 76 251 222 15 190 84 60 37 1 160 152 58 133 173 198 218 130
252 111 131 128 111 212 200 191 251 78 64 28 83 116 91 161 86 217 180 26 188 120 243 4 21 95 149 182 119 226 159 38 120 105 39 217 229 212 190 121 63 219 64 215 175 189 153 96 174 142 27 70 169 137 130 239 232 79 118 147 228 248 149 58 117
7 0 10 236 106 174 148 253 185 129 15 167 163 35 89 253 184 38 223 231 177 214 110 145 119 159 59 227 219 144 201 124 199 27 8 76 239 41 113 195 160 102 164 17 113 38 43 138 32 243 95 124 63 121 190 110 221 155 86 125 122 148 12 239 204
121 191 56 103 20 174 220 60 48 175 205 93 114 154 210 44 52 87 49 185 0 137 190 225 132 97 37 229 197 66 181 21 58 88 130 202 26 189 185 149 231 142 192 0 201 45 124 140 232 198 169 165 48 66 141 185 181 209 89 143 193 177 248 135 117
