101 122 33 140 204 182 248 158 224 15 87 140 163 212 122 189 18 214 24 100 4 148 197 32 154 34 255 228 129 101 207 235 159 117 55 87 192 61 125 177 70 228 60 25 106 52 22 88 191 157 96 26 111 112 209 239 109 1 220 89 141 3 186 202 198
177 164 245 83 47 237 164 197 101 13 174 75 147 221 206 6 24 142 131 170 163 91 92 70 87 245 197 102 183 171 248 43 27 71 186 247 29 249 180 139 138 64 12 180 242 84 181 182 111 170 221 33 72 157 192 74 75 151 109 244 60 27 85 171 167
226 43 140 67 153 243 186 234 124 13 107 196 119 23 190 140 105 82 193 252 30 157 225 81 86 11 163 128 8 172 93 45 243 9 107 195 189 1 10 83 180 181 224 52 59 198 78 226 174 92 27 240 136 190 59 135 113 64 121 64 61 23 229 6 39
113 171 246 11 227 30 197 48 239 183 229 116 29 19 233 208 21 234 51 100 106 135 35 65 89 128 11 72 0 15 122 141 234 219 147 84 243 164 92 166 120 78 5 8 48 93 119 78 116 117 128 247 160 1 111 120 136 198 145 170 209 94 129 190 193
66 21 10 30 201 74 141 222 181 186 68 169 165 58 81 64 66 37 195 206 225 176 7 226 16 135 4 139 242 168 127 160 190 161 168 51 47 42 92 58 61 112 188 163 239 153 243 144 83 254 242 61 210 252 247 235 59 149 149 103 85 124 184 100 156
72 126 97 69 77 240 171 58 229 23 74 246 205 80 168 61 149 178 103 86 74 4 228 4 108 23 235 137 227 190 141 95 20 123 36 221 156 133 162 50 9 165 91 68 10 78 238 47 173 47 92 50 162 211 233 234 196 152 255 221 151 61 128 213 25
96 128 77 122 28 132 140 232 205 143 192 28 32 161 251 33 184 124 154 66 239 244 69 206 11 255 184 95 110 1 102 9 100 4 34 210 33 160 84 128 31 137 97 237 99 75 238 74 48 50 228 183 23 200 232 109 245 151 105 237 198 51 193 205 77
104 198 75 14 205 23 129 241 89 42 23 111 227 166 67 7 186 235 91 14 91 94 16 162 6 11 65 18 110 251 252 57 222 76 156 78 124 151 58 117 22 221 171 248 62 224 142 220 169 21 10 20 146 201 52 22 36 200 208 51 108 137 141 57 218
63 18 164 170 113 166 131 213 112 111 232 11 19 244 181 167 73 150 187 212 55 138 109 87 226 252 217 6 207 58 105 223 63 226 160 26 194 6 223 199 231 98 133 168 20 101 137 175 81 166 210 67 33 38 154 71 211 83 53 227 189 69 48 108 121
93 169 110 189 118 69 76 12 72 84 90 148 197 241 166 148 250 60 29 61 103 170 74 207 206 1 166 39 14 160 125 113 99 10 1 220 61 167 124 182 75 223 7 197 188 58 77 175 81 150 162 189 8 25 197 61 245 80 252 45 185 161 180 185 38
166 44 176 148 89 12 231 132 121 9 155 216 65 47 183 20 194 213 62 106 74 98 165 189 30 227 210 231 143 6 74 40 73 8 228 179 40 233 76 46 181 49 243 32 223 40 151 41 95 202 69 121 134 111 28 243 219 122 3 15 220 133 231 151 156
241 39 175 77 162 139 200 236 155 131 137 231 14 152 67 48 91 134 130 136 107 7 133 106 18 74 16 211 7 180 70 247 199 237 202 12 147 78 62 31 253 193 174 34 42 98 213 29 114 58 212 245 180 46 189 77 71 39 63 162 224 229 62 234 131
56 189 112 1 167 0 194 4 118 118 142 154 207 235 21 198 96 194 172 236 251 237 214 134 178 109 141 7 132 208 117 31 123 161 117 210 40 122 92 59 25 86 108 61 136 6 214 15 21 193 147 28 219 175 238 112 199 44 201 85 141 222 99 138 28
43 124 156 17 9 76 29 68 94 74 219 33 127 122 3 169 149 229 222 82 251 198 4 35 140 240 108 133 204 139 245 162 232 184 142 69 183 248 7 121 35 196 191 254 116 16 123 222 109 194 51 38 141 252 35 47 146 141 153 74 232 34 12 162 156
73 231 142 152 4 252 158 185 129 183 50 20 102 82 193 22 78 88 161 199 221 12 89 205 68 244 29 143 185 42 8 238 34 82 68 212 183 230 182 97 153 205 98 7 190 204 9 129 249 10 50 211 253 176 247 77 160 54 14 5 60 160 41 9 74
4 33 121 126 236 218 125 46 255 45 55 226 180 67 24 109 50 31 11 120 246 85 25 79 59 19 85 26 155 198 130 147 248 126 139 200 71 147 5 140 131 94 151 250 213 241 28 125 238 92 241 243 20 26 130 163 250 59 189 251 75 189 9 254 155
34 160 86 14 78 48 249 70 149 188 200 134 21 150 159 42 128 196 232 234 105 162 223 159 40 152 28 161 8 170 160 152 115 241 52 216 239 108 92 48 164 27 162 72 117 170 102 122 25 129 113 196 191 40 36 201 66 220 156 58 114 231 161 19 101
170 81 249 58 57 57 142 96 96 118 226 36 26 59 158 140 195 65 1 234 208 121 87 237 95 130 145 104 141 146 212 74 91 87 151 203 205 113 130 1 87 164 245 112 110 62 160 204 250 241 210 169 246 72 161 116 10 100 224 180 200 155 247 208 177
69 108 83 119 107 51 134 101 134 70 132 227 81 116 166 40 214 134 38 1 108 137 238 58 12 248 153 147 248 125 231 122 33 138 39 250 13 50 225 225 243 123 43 19 2 211 148 25 44 142 138 70 132 249 5 207 143 197 191 128 40 17 224 23 34
208 167 73 147 29 203 121 59 248 35 151 228 226 73 113 128 237 4 53 139 153 138 195 162 76 145 177 162 235 210 120 149 186 118 125 207 119 118 166 138 232 23 179 216 36 187 4 6 120 226 139 234 83 100 46 34 248 92 79 7 220 206 195 175 253
12 192 81 74 235 195 57 171 42 131 254 52 145 36 189 79 160 215 226 235 185 36 65 228 188 11 18 161 209 231 196 74 247 45 247 213 100 238 206 54 215 205 224 135 8 250 146 6 164 116 62 129 176 80 147 61 58 64 209 192 112 11 36 44 168
189 207 200 63 133 181 215 234 182 222 195 130 21 82 149 13 248 43 100 183 150 224 85 53 175 96 44 112 203 249 115 138 91 146 243 125 239 96 162 145 4 123 46 140 1 160 122 33 140 177 65 65 251 244 163 24 152 87 111 30 126 70 216 212 31
251 48 43 231 74 45 9 25 19 81 3 0 46 130 40 109 138 133 244 175 227 227 143 221 48 115 229 225 244 56 67 244 171 58 128 220 48 73 65 18 224 75 0 43 160 42 110 105 162 239 98 37 189 33 222 157 196 103 59 3 14 10 16 0 14
109 11 82 95 253 163 75 183 141 151 0 75 209 92 157 108 172 50 121 216 114 51 199 93 38 205 255 243 55 37 45 222 54 228 200 201 22 190 161 40 86 216 186 92 110 13 129 204 70 254 196 149 140 28 142 158 90 35 219 145 71 244 248 4 76
156 252 135 233 180 133 252 203 203 248 20 202 35 155 181 103 147 252 132 104 194 224 190 67 246 175 15 172 216 229 69 247 248 77 9 10 175 153 56 86 175 140 63 56 249 169 198 199 218 28 162 157 249 161 59 66 88 50 163 7 18 131 0 135 15
211 72 87 192 69 164 10 161 137 146 59 9 152 5 151 234 57 138 86 81 30 62 105 192 234 134 88 105 157 88 146 236 192 133 73 18 161 15 89 61 191 142 75 4 183 134 23 201 43 251 224 76 100 60 170 140 170 186 200 104 7 174 70 218 224
106 53 131 219 243 38 217 146 112 74 176 249 244 134 77 114 32 176 146 106 149 162 79 6 198 216 159 214 107 22 100 24 77 218 95 87 159 143 52 108 176 65 50 247 218 236 134 153 201 115 220 220 109 161 131 243 76 83 204 74 81 207 247 54 199
119 188 167 241 161 168 212 32 149 25 132 13 255 87 141 57 141 227 178 40 187 251 232 236 79 155 213 141 32 137 83 119 91 121 209 237 63 168 159 206 159 234 49 224 75 226 132 222 180 33 166 63 95 44 96 58 77 6 129 131 24 93 252 61 15
37 239 149 156 143 94 39 56 76 1 49 185 178 74 207 73 206 220 150 15 140 32 207 102 108 41 62 139 57 104 239 7 221 137 180 192 60 242 109 251 100 136 192 37 72 91 150 191 221 19 14 226 122 53 152 231 4 80 176 101 56 217 175 5 116
107 59 202 212 197 201 209 206 194 108 197 120 29 128 38 63 236 217 224 156 37 20 133 41 187 185 19 200 155 183 91 4 0 132 1 53 208 251 174 115 76 12 163 13 173 207 36 244 133 28 203 145 229 195 152 115 173 35 135 91 79 212 79 208 185
122 36 253 94 94 3 72 107 104 36 17 24 96 33 40 191 90 94 202 148 130 198 139 140 57 254 144 184 124 129 131 201 170 202 156 204 220 198 129 139 165 4 9 18 100 37 187 95 222 204 47 147 187 183 147 251 71 160 227 52 179 214 178 79 98
209 31 17 87 95 158 206 222 71 0 158 211 155 136 139 146 156 111 135 73 48 173 252 69 131 41 244 230 93 151 212 150 197 0 8 86 77 162 172 213 153 100 122 133 127 229 169 161 158 222 162 210 8 166 151 255 56 137 123 255 3 172 203 127 40
25 17 70 226 5 225 234 138 244 121 107 116 98 78 103 133 116 188 183 60 10 153 147 171 229 189 51 244 222 131 10 99 155 7 132 247 170 205 94 18 130 218 190 130 230 211 64 245 74 109 80 239 170 121 162 70 244 219 253 192 165 80 15 1 57
14 41 165 161 55 14 236 220 145 199 89 73 104 89 194 255 254 85 212 208 99 1 237 255 28 40 155 248 251 187 162 172 36 16 61 217 200 251 28 207 179 138 249 25 26 190 110 109 47 243 192 91 18 72 141 230 123 107 226 167 14 98 62 129 45
240 244 22 100 174 252 38 115 51 164 18 18 46 243 62 97 159 22 50 234 64 171 37 70 209 170 127 245 76 255 45 169 15 100 193 83 129 203 191 232 49 62 54 129 48 190 40 115 99 193 178 20 39 87 130 197 80 181 53 119 190 155 240 87 26
214 94 134 255 153 124 240 4 51 62 119 221 82 183 70 9 30 109 52 181 233 233 184 199 144 45 94 97 90 10 132 52 183 90 71 16 239 60 34 115 102 179 65 220 209 149 231 41 66 70 6 136 246 176 63 61 16 208 147 77 76 129 201 166 17
8 212 220 113 1 159 167 6 53 54 85 200 144 74 160 168 27 61 127 142 17 65 109 174 240 180 190 211 4 6 204 106 71 85 46 35 30 43 160 108 107 243 59 235 26 48 95 60 215 90 186 223 234 38 81 236 168 182 143 144 168 39 171 223 196
250 7 64 118 121 160 103 155 53 12 125 201 30 42 232 214 123 219 145 2 95 175 79 132 24 80 27 41 183 104 198 71 12 193 93 160 222 25 180 36 145 22 101 162 101 56 111 179 87 59 65 98 136 233 226 44 26 167 62 76 106 252 111 233 23
181 17 76 101 151 223 64 217 65 139 24 58 227 237 92 105 110 1 21 79 191 113 28 245 126 191 122 94 65 93 113 236 56 100 136 157 240 23 124 221 49 179 129 10 166 103 219 119 247 243 174 147 229 155 83 226 60 91 31 142 15 82 199 138 243
92 147 231 0 135 201 216 65 151 187 28 161 38 33 142 182 10 235 203 76 52 9 94 17 119 229 104 248 230 10 147 7 210 41 208 46 246 155 117 76 235 149 39 16 210 163 10 155 31 93 132 42 104 30 196 237 153 2 54 185 70 41 68 178 54
93 215 104 86 238 225 10 226 231 15 36 129 203 223 147 140 98 32 205 68 109 8 162 146 87 91 72 242 245 115 84 105 36 54 217 5 124 249 13 221 142 46 106 25 173 248 9 208 233 79 254 32 232 29 230 240 236 67 162 13 195 217 78 116 100
71 116 240 108 246 118 124 175 204 58 205 124 93 196 10 95 19 4 58 141 158 253 17 77 187 134 52 136 216 116 109 144 190 48 247 21 61 220 225 154 196 144 219 214 57 27 65 103 218 238 68 146 230 146 89 198 72 20 210 238 48 36 181 67 127
210 139 180 168 7 185 197 102 212 190 186 82 144 213 227 103 184 186 39 218 215 247 147 63 217 152 193 110 137 228 238 136 107 109 249 182 39 184 128 29 124 118 49 25 238 9 3 128 100 249 66 64 132 181 235 70 103 204 232 5 42 44 160 161 186
110 40 155 214 112 172 43 213 188 34 31 246 43 83 29 5 65 129 106 229 113 84 47 241 151 121 151 147 235 91 236 226 21 30 109 96 61 78 189 69 188 156 48 118 131 158 235 19 197 104 141 213 43 53 24 223 249 209 101 254 157 251 168 21 209
128 213 101 53 211 249 242 13 25 130 148 16 66 66 86 78 40 51 97 96 187 232 239 35 0 112 78 248 57 129 214 61 210 99 38 6 234 91 110 51 11 4 37 137 243 177 153 134 108 107 232 158 169 231 52 249 80 218 89 120 220 17 7 192 238
180 31 164 186 30 242 235 100 99 61 10 154 227 92 142 136 204 14 191 239 226 187 42 216 188 187 230 90 101 107 120 209 12 57 130 45 5 138 201 145 150 80 13 128 39 252 190 244 229 33 46 13 13 115 241 129 11 110 4 81 146 11 168 37 216
117 9 12 87 31 141 112 142 140 41 41 156 111 125 118 112 94 35 177 101 142 251 173 125 202 97 6 112 174 172 7 181 55 211 153 0 107 250 20 110 236 153 220 210 161 121 9 109 20 125 26 227 150 24 180 62 32 5 184 54 206 156 71 101 102
8 31 55 120 29 10 91 77 152 254 171 144 122 59 199 136 48 238 193 184 159 249 189 251 166 216 31 127 199 15 24 251 236 176 34 226 47 137 87 113 88 159 206 18 2 4 252 191 87 52 84 149 203 146 137 136 134 223 83 145 154 232 248 110 49
191 230 125 157 92 44 113 149 90 81 136 138 189 59 110 35 100 74 208 40 131 242 38 42 72 126 57 131 138 17 43 222 4 222 118 109 31 138 248 252 188 185 153 52 188 134 204 75 183 16 61 2 3 135 17 209 44 188 195 157 237 79 130 22 189
47 237 179 41 134 87 27 40 24 51 112 119 220 75 214 248 99 139 222 187 242 38 115 232 55 165 236 38 10 6 161 49 103 170 15 9 52 62 142 26 107 92 104 156 18 29 202 114 203 39 206 35 111 23 209 111 228 67 112 116 31 231 47 195 102
54 136 33 39 0 152 216 177 192 249 53 56 197 225 240 106 187 126 120 127 111 206 1 130 36 155 230 47 145 175 10 143 179 168 77 9 45 83 231 94 162 186 87 86 52 177 51 117 200 43 11 232 145 205 35 220 88 83 71 74 54 170 130 19 120
183 166 238 127 81 72 69 157 200 169 247 243 157 222 150 1 131 5 66 25 115 187 1 154 148 44 167 181 37 237 104 161 97 185 154 72 254 50 77 156 103 167 109 148 0 230 130 208 120 104 42 127 53 124 86 215 90 165 223 163 185 55 158 50 21
123 47 36 249 94 105 174 59 94 128 238 187 239 192 4 93 111 229 46 43 102 246 184 94 141 181 3 7 237 36 118 107 177 15 84 197 186 156 107 227 0 19 75 146 12 151 90 94 178 235 253 19 183 86 61 174 81 191 16 86 145 118 195 38 168
12 109 178 78 114 221 218 92 142 38 7 127 3 61 123 82 117 138 7 245 74 88 145 136 241 142 144 179 70 174 178 87 65 20 174 132 132 150 103 100 234 98 226 78 199 7 190 90 240 224 33 186 36 31 36 226 118 15 131 38 71 147 8 239 138
111 136 237 79 184 222 7 142 195 161 135 76 238 119 251 52 131 72 189 208 74 177 75 82 17 192 115 241 44 100 67 17 125 98 42 174 93 190 6 189 33 102 190 136 73 177 165 32 161 125 110 95 124 64 155 230 177 91 68 105 23 76 190 72 239
53 201 198 158 146 91 97 215 207 46 157 9 15 124 237 62 157 253 171 147 240 115 21 90 235 212 71 166 21 144 48 173 234 93 21 210 86 7 69 63 143 84 135 23 118 234 163 145 209 244 111 226 2 46 195 25 2 77 149 211 93 230 247 193 26
72 40 211 241 158 157 45 143 55 131 235 94 190 212 154 175 158 121 105 86 50 241 140 240 188 125 126 17 162 57 17 163 160 214 122 216 93 1 34 247 163 188 13 228 79 55 80 203 109 49 100 239 110 215 243 206 160 76 139 22 121 111 93 224 20
197 140 168 187 199 247 33 77 217 169 206 162 173 241 179 22 218 228 216 75 226 22 7 142 85 81 71 64 118 59 220 131 153 103 29 134 132 135 132 170 189 31 119 3 202 165 173 224 138 221 44 212 253 31 157 56 182 119 230 4 91 206 5 207 165
222 125 0 235 80 62 214 204 178 108 175 74 162 163 25 98 238 184 90 70 194 212 245 179 147 103 223 39 62 13 174 148 16 21 21 170 151 129 146 0 183 39 112 69 225 51 33 86 40 157 69 148 35 70 237 227 51 147 236 227 92 37 26 18 192
44 11 83 183 4 18 208 254 206 86 253 170 123 12 153 253 243 204 50 130 177 71 204 180 192 45 105 167 76 50 114 71 32 61 30 173 217 237 73 129 139 181 99 79 43 78 210 65 164 99 51 125 164 81 53 190 49 34 243 110 20 120 151 98 69
152 221 179 204 129 141 14 26 119 36 221 32 11 237 82 254 43 106 105 170 111 208 190 159 122 209 19 197 170 89 158 222 52 12 255 124 69 67 143 85 238 42 79 131 248 86 152 0 42 121 206 81 254 51 34 56 189 109 167 32 71 14 93 71 135
199 235 216 132 106 130 173 161 195 167 0 108 103 12 120 102 242 20 211 221 39 4 227 173 26 4 96 243 171 58 225 189 133 143 150 141 225 246 16 254 54 152 87 191 33 31 67 161 121 99 189 139 1 209 116 25 15 249 140 167 37 6 166 168 65
0 153 222 233 121 77 35 88 48 84 117 171 7 48 25 131 254 232 41 24 21 36 77 51 186 213 197 58 245 15 172 61 66 91 215 241 227 21 147 1 146 132 168 31 112 52 59 250 240 74 4 123 35 107 197 37 41 52 65 57 105 8 65 158 45
22 108 153 161 235 155 187 55 102 61 186 253 103 34 174 106 150 172 61 66 107 71 17 151 136 128 248 184 251 103 239 133 21 2 76 158 196 61 142 255 120 154 84 239 93 122 126 93 57 234 20 210 164 237 19 56 216 40 227 163 169 3 113 178 133
35 47 79 18 198 106 61 5 6 162 44 3 219 44 111 180 210 77 67 35 54 83 44 98 11 51 3 65 204 34 207 79 252 28 231 26 76 33 110 84 20 40 3 79 0 187 39 248 35 91 40 111 47 190 31 186 214 132 33 10 39 68 242 231 187
14 247 46 97 39 142 237 55 58 27 182 76 95 249 161 202 19 203 94 62 145 21 169 43 14 134 15 249 236 180 84 78 31 220 67 11 86 247 125 44 212 247 86 198 224 185 39 97 129 196 101 99 5 255 236 30 219 102 58 112 72 94 160 181 244
139 144 79 248 77 196 148 123 29 193 202 39 58 130 140 230 94 12 43 39 17 205 213 143 147 165 6 248 30 63 197 52 86 207 119 20 123 251 157 161 197 186 239 14 82 109 21 64 44 223 88 25 215 141 92 184 152 97 200 116 254 192 102 177 195
121 13 49 110 251 92 36 43 62 170 167 204 201 230 205 176 231 210 203 182 152 56 180 187 46 160 38 172 143 201 124 157 81 95 234 115 138 209 162 221 242 219 130 177 60 248 238 200 86 73 199 173 104 100 116 167 142 171 224 50 167 23 133 10 219
41 119 222 135 52 198 172 103 91 215 9 192 43 178 78 204 99 163 18 98 172 94 203 103 116 105 91 142 175 143 138 144 228 51 219 104 34 152 95 184 40 233 12 66 214 251 220 223 173 228 65 202 236 223 176 67 136 80 215 125 247 219 99 108 197
83 124 130 175 72 29 148 213 22 243 77 242 195 222 99 249 172 158 39 74 18 104 86 114 0 131 75 42 252 12 134 62 251 91 216 114 14 255 236 249 233 214 213 37 143 223 225 236 85 228 194 118 15 89 28 116 114 145 158 160 208 212 68 85 238
78 189 142 102 75 106 97 13 149 246 208 22 120 210 105 128 240 28 144 84 187 162 183 79 23 24 152 168 25 113 149 187 239 251 217 170 197 102 117 87 220 69 154 135 242 13 11 174 0 177 18 235 245 57 247 176 250 82 174 145 37 123 213 105 157
137 12 232 245 96 0 83 181 179 221 25 216 5 44 198 46 207 210 104 168 101 187 147 255 210 173 79 80 142 182 208 230 27 148 149 141 179 125 132 136 169 236 140 90 255 227 78 213 130 139 147 215 171 163 16 101 173 143 48 59 142 45 175 77 125
188 97 171 165 102 142 100 223 180 80 237 148 135 82 182 83 10 117 74 67 114 65 216 240 225 6 204 163 172 172 164 127 130 225 155 154 191 47 90 50 81 109 128 47 171 208 231 150 249 26 148 65 220 208 161 64 120 253 156 142 155 101 167 234 182
1 95 9 124 180 168 155 139 20 225 58 128 247 90 86 115 125 239 17 77 239 210 218 142 105 101 27 51 66 188 153 249 107 60 50 254 99 150 167 232 17 150 12 236 179 5 165 8 159 37 153 151 170 184 124 182 13 71 72 57 63 183 237 172 73
230 3 212 148 161 121 77 213 105 210 219 49 57 93 241 243 214 122 59 55 18 247 27 252 175 42 170 168 255 46 62 190 106 47 244 226 92 34 100 45 27 228 151 180 32 2 56 87 192 69 205 183 71 218 204 74 139 233 160 162 122 170 126 133 118
126 219 201 95 153 247 246 156 157 115 72 174 85 97 22 84 17 5 136 80 3 129 89 124 136 50 136 15 79 48 176 118 52 135 125 78 22 105 174 62 239 244 128 85 35 62 25 63 11 198 198 251 92 20 112 73 173 120 175 206 166 94 171 235 70
200 119 140 83 171 218 61 154 40 205 242 164 139 18 190 16 199 151 31 57 144 141 53 78 123 15 100 221 240 155 199 80 235 203 62 169 98 60 3 207 63 58 136 242 63 140 47 118 56 86 192 245 207 210 156 216 178 14 67 5 61 186 228 235 221
217 52 5 95 131 245 3 234 110 180 172 220 24 144 58 242 183 136 249 36 62 133 154 223 50 132 82 93 93 178 163 145 225 200 240 95 181 170 23 0 238 139 113 117 218 64 58 32 29 170 225 101 79 107 231 35 254 94 193 13 70 107 184 246 224
162 169 220 142 227 131 89 229 31 184 15 37 184 195 97 18 176 172 215 196 159 64 147 29 99 48 148 84 86 217 140 212 42 42 166 173 159 143 73 221 251 43 177 151 52 204 239 172 65 152 224 217 61 236 240 139 100 182 106 140 209 9 44 90 143
27 91 184 87 0 171 177 198 24 197 165 134 10 9 147 120 85 129 116 92 152 131 40 169 145 249 243 84 12 83 31 237 209 236 245 172 111 169 149 250 196 187 214 219 173 103 186 7 99 6 158 145 215 45 179 174 217 74 87 237 51 227 26 242 7
234 214 180 127 35 176 237 104 138 140 252 119 116 58 133 211 234 146 52 227 151 240 23 236 45 93 1 233 156 220 54 241 16 84 197 209 141 100 99 52 15 156 221 185 144 30 82 203 153 194 43 204 43 248 161 102 67 210 155 15 143 192 153 249 58
3 82 104 205 23 103 75 205 124 214 141 108 173 243 49 32 205 188 148 60 175 253 149 16 20 50 189 82 31 66 254 240 0 48 161 219 24 8 98 80 216 160 220 95 166 30 30 250 76 153 159 233 77 188 216 140 83 237 24 76 188 148 163 237 220
226 95 161 138 189 126 56 39 183 245 55 10 92 244 185 236 119 37 163 161 166 133 155 51 183 28 143 164 151 135 243 21 108 43 50 117 80 93 79 189 63 202 186 85 102 226 88 214 126 226 189 37 171 194 253 117 250 251 34 134 134 61 3 73 148
113 29 196 192 50 84 100 129 95 8 28 225 193 168 178 120 53 234 86 214 202 191 26 76 83 164 106 73 40 58 240 145 232 112 187 200 108 229 110 82 73 185 170 49 97 134 16 108 38 25 111 66 248 178 31 8 201 139 136 60 28 176 106 91 121
212 174 126 59 75 28 202 11 149 203 35 139 33 166 6 43 44 143 233 147 55 125 217 144 250 14 174 80 7 190 146 229 24 194 159 70 194 21 10 148 79 176 200 76 56 246 142 197 185 211 179 165 86 219 119 15 146 145 113 160 102 135 157 41 230
190 67 159 100 69 203 139 203 203 28 13 64 67 50 28 120 114 68 59 251 196 6 163 102 152 127 42 218 2 168 187 188 212 165 217 245 35 150 217 32 105 68 106 28 151 76 158 157 229 94 117 243 126 185 20 169 190 203 77 241 224 84 91 221 206
74 108 65 35 167 140 151 67 122 134 141 96 63 226 17 246 97 49 138 15 156 26 201 106 245 116 145 242 93 254 111 96 254 192 38 144 63 202 37 109 102 185 61 125 144 108 158 178 168 135 149 40 78 153 62 112 9 190 63 191 104 137 42 175 247
37 249 185 104 142 251 146 132 23 244 158 148 229 165 212 49 167 51 228 181 223 153 96 206 45 180 252 194 161 143 156 227 21 155 168 70 87 223 231 213 151 246 51 221 245 92 148 6 178 128 46 159 243 176 133 106 72 3 162 168 98 126 88 24 31
156 75 7 80 255 56 131 76 248 61 18 92 197 53 180 239 145 36 6 37 74 60 86 122 194 231 88 38 100 160 83 168 189 49 60 44 192 196 65 185 221 19 108 160 224 67 191 216 47 179 253 227 107 180 59 77 161 20 130 18 66 37 57 230 133
16 128 75 181 220 187 252 252 5 40 195 64 114 96 113 82 254 48 249 253 178 226 113 92 189 100 137 58 129 111 222 19 193 59 254 254 135 0 207 45 126 98 227 222 40 195 234 100 5 127 60 211 215 147 50 177 212 47 206 236 160 198 8 131 90
184 75 29 98 96 43 156 234 207 182 55 252 250 7 145 40 132 42 178 105 196 47 209 238 123 102 28 146 247 92 194 18 23 220 41 205 211 164 95 1 71 15 122 230 62 135 61 20 186 96 31 32 55 92 29 11 211 58 52 97 13 123 72 9 58
202 238 49 136 240 65 57 76 71 46 116 34 245 61 105 59 188 63 139 238 216 185 239 45 219 124 21 240 145 224 92 187 198 64 19 236 225 229 3 217 117 198 198 220 183 127 235 253 244 144 44 128 134 57 28 113 135 16 238 54 95 186 101 170 190
109 153 144 189 127 201 246 77 237 180 255 103 144 16 97 185 200 122 226 144 21 198 254 93 182 173 9 237 28 221 56 26 99 129 41 219 131 190 52 24 209 149 131 206 126 112 97 76 243 210 230 44 67 189 87 172 173 138 180 48 92 10 16 229 180
25 114 49 41 5 180 133 153 65 0 156 76 149 41 136 6 210 191 174 202 181 82 172 112 230 165 149 95 119 109 178 68 74 21 44 50 88 36 204 7 61 200 133 0 24 120 115 195 81 69 100 226 143 60 204 50 116 205 252 8 232 126 155 99 67
54 184 56 19 10 116 86 202 66 67 153 112 27 51 126 61 69 104 32 4 45 91 53 81 140 103 17 29 194 40 38 248 201 206 114 49 27 21 83 2 75 157 94 166 50 154 90 254 229 57 254 184 189 129 49 46 113 202 251 74 75 4 104 154 131
95 196 220 182 53 12 249 190 216 36 36 28 197 106 55 216 166 162 148 168 130 196 44 194 16 2 58 255 226 237 185 63 101 156 43 94 145 72 87 62 16 77 167 219 47 229 11 177 76 95 87 249 38 70 144 60 233 219 239 109 12 56 191 153 169
116 142 52 133 169 214 105 239 206 71 115 185 38 253 74 48 156 35 2 25 234 116 166 164 116 193 192 144 109 33 167 62 96 29 34 163 93 117 68 29 64 23 123 230 54 57 235 199 69 223 225 255 106 13 88 138 204 70 158 189 241 89 95 93 144
62 103 165 83 75 19 143 156 58 153 54 230 111 156 24 46 93 170 29 71 108 149 68 158 171 39 137 181 108 202 239 250 148 110 88 53 178 169 206 239 150 207 246 106 77 89 139 87 151 91 105 17 77 253 165 112 72 219 98 182 100 230 248 100 49
242 147 186 136 56 196 183 143 104 166 89 235 11 164 53 216 80 113 225 174 26 6 240 133 140 53 59 29 176 41 207 29 248 180 189 53 54 127 117 189 50 97 90 25 253 68 118 42 70 80 45 9 71 246 197 144 153 160 13 6 89 88 106 218 76
254 145 196 253 212 230 232 253 220 235 167 186 186 99 58 126 233 141 98 82 65 243 88 254 226 15 44 217 113 254 43 69 248 103 10 169 108 235 74 159 44 138 24 14 255 46 160 164 100 188 190 164 32 181 251 114 37 242 209 137 181 62 66 14 61
49 97 196 94 97 29 171 248 120 208 71 67 178 63 54 170 186 45 49 118 235 61 6 68 61 18 77 96 66 211 59 224 119 183 152 20 25 70 71 116 54 85 214 32 11 235 46 188 121 234 191 168 243 212 127 75 174 87 0 19 59 243 178 189 9
217 180 89 241 112 50 183 92 144 10 136 25 254 67 142 82 76 240 30 70 136 127 199 19 225 203 222 144 151 31 243 87 183 33 70 55 31 189 101 204 117 169 75 184 237 191 249 170 155 149 59 120 138 95 244 222 222 54 108 253 155 253 200 219 9
128 219 86 72 47 211 142 60 5 170 93 10 107 250 73 97 13 12 52 21 108 121 227 203 153 139 253 243 160 174 2 27 255 206 255 2 178 185 234 26 46 147 134 203 13 130 147 114 10 218 39 50 212 111 12 202 8 189 37 184 43 92 167 37 3
214 255 160 181 172 85 38 161 138 86 131 28 34 221 245 50 136 100 151 204 255 154 67 208 17 249 30 163 111 252 79 12 89 213 31 14 124 96 48 138 210 94 135 29 21 71 189 60 57 41 162 110 154 19 63 224 103 197 129 33 164 98 37 241 108
77 60 108 146 10 10 41 13 99 82 196 198 119 239 210 79 242 135 217 170 27 136 42 163 82 155 163 142 113 9 17 226 253 250 184 215 63 25 92 37 100 30 255 4 218 51 235 225 29 48 96 176 148 186 254 95 30 158 46 60 100 199 14 141 193
51 194 32 243 72 236 36 165 80 206 194 234 164 92 189 8 145 203 87 35 92 0 133 97 179 90 82 137 114 23 64 75 198 182 233 82 79 148 3 226 14 130 104 2 32 219 160 136 10 89 245 158 135 159 5 151 116 184 42 133 164 27 255 97 11
111 200 209 114 221 60 176 144 139 196 190 4 115 11 10 105 13 170 138 180 194 192 162 19 135 89 45 222 244 168 65 71 114 13 125 251 254 81 73 182 43 7 15 66 39 178 239 200 86 177 141 170 180 197 52 88 196 144 175 161 122 136 89 89 220
206 25 212 12 169 104 101 81 21 74 51 83 195 216 84 32 255 108 140 80 8 254 45 208 232 191 211 248 210 161 196 119 31 193 144 67 134 53 144 93 83 235 112 119 131 58 130 245 239 117 100 110 75 51 194 63 169 214 176 37 71 90 242 215 136
150 79 101 1 204 176 50 216 214 106 59 210 30 129 238 40 185 62 42 185 1 229 146 211 52 88 72 71 52 96 188 30 203 194 175 46 180 59 169 176 114 49 162 189 181 212 99 246 203 232 193 112 172 243 139 220 205 195 132 2 204 2 25 118 6
200 240 58 115 98 210 206 203 169 253 51 66 60 11 249 146 249 121 137 18 199 165 112 194 76 20 62 110 194 146 146 54 115 136 177 171 229 109 133 126 220 229 12 17 143 175 218 175 17 110 43 148 219 210 6 162 234 242 165 188 213 85 231 243 10
136 55 117 107 174 231 236 159 77 45 254 5 166 35 145 96 229 44 165 73 152 149 158 75 41 71 165 255 16 169 249 103 236 209 127 25 50 53 76 2 215 66 241 45 201 133 2 121 65 173 144 174 142 239 60 130 209 2 92 186 151 160 238 190 206
139 7 98 149 180 40 72 138 244 183 75 113 98 219 131 15 105 66 145 214 122 197 239 146 92 166 193 235 186 77 236 197 106 15 253 165 251 241 109 193 79 246 49 27 218 62 94 22 80 95 50 151 253 154 14 247 216 219 155 105 200 82 225 175 161
204 117 253 13 30 63 108 243 177 215 208 109 19 109 71 178 161 33 89 176 252 175 140 158 251 251 32 203 71 54 28 179 162 75 126 175 97 191 94 84 248 247 154 187 114 121 254 170 29 43 120 241 167 163 30 58 182 51 54 216 121 244 64 177 167
128 81 65 188 71 223 33 90 180 82 46 69 16 190 169 127 157 41 69 84 162 99 199 247 53 254 83 160 17 235 207 112 15 168 209 238 116 131 149 113 174 238 62 163 61 94 15 100 191 195 169 1 79 178 108 55 38 78 63 147 39 20 132 210 5
222 113 118 89 110 116 69 13 29 39 226 60 180 223 187 1 224 139 163 144 14 221 236 238 195 39 142 122 63 187 16 151 249 133 213 36 198 165 83 44 74 165 238 110 73 201 89 37 162 197 129 251 249 147 58 253 6 26 117 220 135 196 87 205 7
27 124 81 136 23 250 111 52 185 69 201 85 56 133 72 139 5 40 80 231 107 224 81 95 126 138 120 149 120 174 175 46 252 236 25 66 70 216 73 148 24 146 254 252 180 114 32 211 176 79 178 31 141 242 242 230 62 68 16 126 199 168 210 152 129
238 19 4 132 232 118 127 142 61 22 38 50 90 250 122 93 196 80 14 211 71 246 253 77 118 1 168 216 10 234 123 54 16 79 102 44 112 177 55 230 53 219 243 175 172 50 19 106 64 18 48 2 163 235 85 177 157 250 144 86 218 183 74 223 150
132 159 98 241 35 62 107 152 252 87 251 83 15 49 79 48 58 221 242 92 200 116 194 221 201 4 50 161 236 197 19 165 57 69 58 220 232 164 54 71 60 156 167 165 235 150 13 89 118 123 28 85 194 175 77 49 213 183 103 32 160 128 107 226 76
157 239 137 251 35 170 54 16 82 211 131 171 239 151 142 11 159 11 174 21 140 237 106 21 40 117 232 198 124 15 214 54 137 154 50 93 108 10 9 59 233 137 84 126 106 126 129 116 170 191 2 196 137 254 75 73 232 52 246 212 147 175 74 70 97
91 35 157 0 34 33 202 133 10 199 235 123 170 28 193 91 126 141 163 163 230 51 230 251 252 210 66 79 66 44 42 144 199 232 141 133 180 158 5 222 138 232 143 95 252 16 174 126 71 214 216 73 86 45 43 51 124 0 117 155 192 75 225 29 72
126 109 159 44 104 70 172 138 117 252 183 51 57 180 220 17 220 225 123 243 255 173 74 185 86 137 255 125 208 24 211 182 6 95 168 88 103 230 81 11 239 73 125 229 174 173 169 37 204 13 254 16 249 83 94 159 252 23 10 226 212 163 87 60 93
198 5 49 237 22 213 255 227 214 107 140 64 232 232 111 26 17 156 10 33 201 102 90 167 1 34 123 234 0 134 39 65 109 100 122 135 61 123 47 111 48 10 157 6 220 44 6 31 12 8 240 17 122 7 236 76 82 184 2 250 32 59 24 51 28
204 35 234 69 162 204 199 78 255 57 59 33 5 55 195 217 160 155 202 81 86 107 184 200 38 222 89 83 3 69 217 29 144 167 181 100 177 232 23 151 192 174 42 173 110 91 87 207 201 58 35 29 72 74 192 129 66 81 164 130 123 56 89 100 29
50 194 8 134 72 126 123 55 24 141 191 245 166 181 234 88 40 12 216 217 93 196 49 189 110 75 191 145 111 1 2 79 219 141 86 97 201 158 23 182 190 96 216 161 165 169 26 153 226 251 58 144 94 71 11 156 82 235 200 64 240 163 135 198 154
0 8 167 113 19 59 34 218 235 189 61 91 0 123 73 110 166 202 169 107 91 45 237 178 40 15 139 56 26 125 114 92 244 66 51 152 122 91 190 53 197 229 106 82 29 140 26 123 42 226 143 95 23 184 68 144 34 216 186 18 16 65 66 251 60
3 50 29 153 171 15 204 8 74 11 188 150 165 24 128 18 128 136 86 56 232 115 4 15 235 139 9 26 13 133 48 49 94 15 67 122 97 76 154 27 184 36 174 39 20 169 97 29 148 210 20 174 179 200 79 213 65 79 242 217 194 194 211 248 9
3 106 163 113 189 183 137 221 81 121 88 24 39 112 172 35 82 218 254 134 84 2 47 161 14 207 255 234 189 222 196 255 57 138 113 201 50 126 129 153 1 62 103 21 72 217 55 243 165 10 36 192 5 179 4 0 209 102 59 212 208 127 237 32 254
214 189 118 38 218 98 87 141 54 222 23 87 192 183 43 21 241 128 0 92 35 14 199 236 11 98 253 45 134 108 127 40 236 58 12 210 61 174 29 205 62 244 181 199 198 71 252 87 237 103 93 83 9 63 70 148 174 37 72 188 111 227 148 184 182
89 96 178 200 89 75 210 195 97 107 86 240 182 133 64 167 228 7 181 201 159 222 18 43 161 75 253 90 239 148 169 120 154 253 173 233 64 233 246 196 165 35 150 1 246 213 149 21 238 128 31 127 216 186 211 171 26 191 195 34 86 204 236 8 232
185 129 12 83 249 157 193 139 216 203 99 107 65 64 15 10 33 55 223 128 183 253 50 158 76 148 169 57 220 114 47 217 182 117 14 62 229 203 151 46 115 62 62 169 240 2 196 163 24 156 50 241 83 126 253 5 189 242 87 154 180 60 59 222 65
44 46 153 95 129 0 10 150 138 3 163 75 216 5 212 52 41 122 202 242 15 77 142 56 160 147 209 90 195 171 228 170 152 209 174 236 129 200 146 159 124 86 216 119 41 61 75 0 62 147 66 112 18 219 218 185 245 62 210 153 185 142 102 34 83
176 169 56 28 126 169 200 212 211 166 226 111 169 181 233 181 30 247 230 147 254 156 52 182 156 72 22 119 42 80 191 69 156 230 238 151 155 217 84 148 179 94 236 45 207 195 4 161 222 141 49 157 60 255 51 94 194 182 202 120 55 189 3 141 32
52 96 182 142 101 116 232 150 189 51 116 42 107 17 77 218 226 14 195 69 183 34 131 24 15 195 127 63 147 191 172 190 0 208 161 17 146 37 212 97 164 62 190 52 57 143 118 38 45 66 188 123 90 99 184 69 55 139 113 141 225 66 207 82 243
44 156 172 5 75 230 3 177 110 127 244 253 61 189 131 212 118 211 39 0 164 222 67 160 165 91 25 150 7 150 75 120 25 46 56 117 99 242 242 242 174 223 111 212 39 139 163 153 242 186 240 31 43 250 129 99 68 155 241 135 226 31 181 116 207
215 110 202 59 229 27 42 239 91 183 164 192 173 40 178 189 155 241 110 141 125 249 245 232 158 134 15 142 69 231 154 2 126 109 176 244 106 191 138 81 188 17 108 103 19 38 77 145 118 150 171 150 121 130 239 200 179 69 64 230 206 142 41 153 136
70 73 199 238 180 206 162 149 213 217 163 238 182 91 46 236 5 153 5 76 169 155 5 105 197 107 0 222 63 71 127 43 96 87 90 66 14 83 253 33 196 99 26 0 98 248 210 81 116 176 128 1 156 46 50 142 25 88 134 0 196 195 77 57 243
237 213 217 7 82 17 141 50 18 170 104 59 95 132 47 25 57 110 143 45 240 49 96 170 171 126 65 156 209 208 230 114 247 71 220 160 54 163 206 105 163 73 208 249 69 63 178 148 106 46 115 149 237 81 209 127 11 200 145 113 228 224 147 162 163
176 228 98 74 147 202 188 41 69 174 20 222 225 172 155 220 229 79 153 193 194 179 122 205 13 164 204 155 207 130 136 110 10 159 101 93 169 107 26 53 33 232 142 202 79 134 22 200 214 80 64 50 235 52 228 206 36 59 59 34 243 171 121 136 193
199 168 97 177 125 231 110 238 152 142 37 50 48 50 223 108 63 133 75 194 17 90 235 56 101 175 189 180 230 73 52 74 240 29 253 26 211 128 126 133 177 29 41 142 190 93 145 57 106 121 36 109 253 168 233 153 109 184 181 235 82 138 119 126 17
111 85 23 43 27 154 106 25 84 109 89 100 234 18 102 152 251 57 37 33 202 196 140 220 218 96 167 173 5 54 196 30 92 121 87 221 139 54 103 12 235 11 165 23 96 14 176 242 42 61 192 164 129 128 71 8 48 90 109 38 187 69 140 64 108
160 181 238 154 207 133 39 74 117 108 207 0 103 89 70 241 139 107 39 165 0 244 80 194 114 73 86 137 215 121 247 184 25 208 123 39 136 129 181 234 94 255 58 61 217 243 24 218 147 18 192 171 68 57 80 198 81 78 255 111 105 228 157 42 40
5 215 52 192 233 5 1 33 177 138 101 194 140 228 59 4 210 29 105 47 212 229 224 72 6 172 128 15 163 71 202 117 15 8 206 238 0 242 113 47 213 131 220 246 34 146 242 161 206 103 102 47 171 214 139 56 55 171 81 71 218 249 23 150 142
114 249 129 59 231 118 156 210 98 52 155 84 252 240 136 197 206 50 139 4 133 170 149 130 186 8 22 72 104 161 66 100 121 135 35 165 210 165 80 190 144 114 228 200 244 133 250 113 247 53 14 21 181 229 255 115 138 116 90 81 135 195 247 242 7
51 234 86 96 199 253 131 200 240 32 216 161 249 196 167 88 253 80 227 59 54 9 61 82 55 95 6 149 229 7 211 111 9 67 146 253 80 108 156 8 84 156 115 162 168 144 191 161 246 212 199 182 163 62 54 111 123 29 84 23 150 168 33 23 156
132 222 35 75 64 203 228 80 114 25 194 143 187 55 13 62 12 235 121 172 147 67 1 77 28 200 215 155 210 194 241 157 150 6 94 81 22 107 71 67 22 218 85 24 112 115 199 161 246 74 169 60 3 104 135 157 98 128 150 86 134 98 173 110 251
92 196 103 192 152 69 149 162 221 169 67 199 146 133 80 100 133 65 213 61 153 52 185 45 19 1 182 22 76 54 148 43 20 63 115 247 149 104 137 77 86 169 58 117 117 175 148 253 206 81 253 104 204 88 162 30 162 164 127 127 105 1 5 231 211
111 80 178 199 1 248 64 102 179 98 248 178 74 30 136 254 88 201 161 189 70 224 5 23 253 0 73 197 253 24 34 194 220 160 75 217 229 176 183 154 7 98 108 69 241 243 109 225 248 109 100 150 190 174 128 109 100 27 148 142 247 74 110 214 47
170 43 189 27 44 185 46 241 152 10 160 122 68 26 81 10 27 81 228 12 107 175 169 7 147 30 73 130 108 241 94 186 152 53 201 210 177 248 83 36 213 104 57 159 200 17 177 112 209 56 41 105 254 65 57 204 206 164 123 229 90 200 136 241 70
16 174 61 150 166 89 122 58 233 78 170 7 184 169 87 235 167 251 70 33 52 224 186 27 23 98 80 93 182 84 187 40 57 220 218 124 146 0 112 110 103 189 96 73 234 144 223 18 61 191 21 107 151 13 93 209 81 164 16 205 174 205 193 178 79
146 81 124 146 33 209 165 124 164 155 199 119 25 223 39 55 158 244 157 153 237 222 42 43 53 6 252 57 142 174 196 6 244 181 40 155 219 16 200 75 37 8 126 31 50 169 153 212 174 203 218 182 72 176 67 73 145 111 206 19 189 240 110 216 30
43 59 164 27 45 29 60 41 33 219 53 30 29 34 71 56 2 254 60 96 124 15 90 168 11 182 248 133 170 80 98 234 35 131 112 80 4 136 249 21 203 251 170 160 43 249 89 242 17 5 197 77 162 132 53 107 180 110 175 239 20 86 181 149 37
248 2 131 35 235 70 124 33 93 34 234 40 168 139 84 255 131 106 241 204 225 211 118 81 121 196 163 246 245 3 41 176 68 237 133 230 11 209 69 112 28 254 95 201 25 142 98 25 183 84 214 24 222 168 80 217 226 250 200 42 141 24 117 172 71
194 84 250 83 244 75 139 186 212 187 119 89 39 130 26 31 134 69 116 246 84 11 12 80 202 5 108 89 158 205 148 137 183 179 199 103 5 0 46 93 246 150 99 49 172 3 73 13 187 169 208 95 206 47 122 84 23 177 90 46 125 109 16 184 30
236 29 74 247 210 167 13 95 48 18 112 162 249 147 145 102 80 15 184 143 17 120 134 44 94 209 62 33 245 21 208 151 92 12 182 22 106 145 19 143 22 95 148 93 117 204 119 218 236 102 122 153 76 82 94 222 107 213 55 138 75 155 127 174 42
207 1 22 214 112 57 136 150 15 221 151 91 254 88 122 185 68 106 122 31 165 25 154 10 4 104 221 88 20 165 39 156 166 169 54 84 229 215 147 6 77 81 212 47 124 110 129 137 79 1 125 114 107 116 93 41 58 78 103 72 26 6 27 225 253
137 167 189 230 200 182 235 187 55 250 170 246 127 3 251 16 150 69 116 21 130 48 104 239 215 100 215 96 225 219 20 135 152 20 87 0 30 162 139 180 35 213 117 88 138 123 140 82 16 27 255 210 102 0 187 9 32 7 41 26 15 176 75 167 160
13 64 17 174 40 45 75 154 17 229 43 42 13 232 241 141 147 118 192 153 212 147 45 191 232 120 221 61 186 175 83 86 184 155 205 109 153 93 14 57 116 20 131 75 209 7 33 7 232 198 16 172 182 65 159 42 224 109 83 68 146 86 172 38 18
55 169 124 228 211 251 177 50 66 58 233 212 194 82 155 116 148 217 120 72 145 20 65 154 33 122 231 135 113 251 96 10 209 14 46 201 218 224 108 65 153 196 130 199 131 108 146 39 138 13 39 6 158 146 49 65 29 173 42 53 224 149 181 77 145
143 180 9 136 0 187 119 118 100 231 184 252 32 11 147 220 208 7 55 6 207 135 192 164 2 1 125 249 141 191 226 51 82 135 90 17 35 181 217 34 181 226 157 143 72 181 61 205 180 235 103 120 123 230 226 13 227 27 7 78 82 235 253 120 100
238 29 181 208 252 100 240 152 32 153 33 150 212 46 194 126 231 131 74 132 177 216 217 54 174 254 127 156 12 66 76 130 72 254 131 129 253 112 32 107 248 33 29 52 141 172 128 250 79 117 151 33 87 191 0 161 79 212 237 112 64 196 51 111 137
184 24 31 45 107 209 209 57 252 152 52 236 227 1 151 25 81 167 95 79 47 136 36 85 94 199 195 232 43 111 36 197 130 183 31 121 165 33 60 208 32 238 140 179 195 129 237 136 244 241 58 205 165 17 100 112 130 147 96 41 1 246 136 36 130
212 110 70 172 76 24 118 164 69 192 31 94 101 43 121 197 234 221 53 219 44 146 83 109 55 7 71 197 33 15 235 215 94 157 230 253 245 176 151 58 121 128 22 19 115 243 122 51 11 131 118 213 64 191 84 153 183 98 25 69 187 243 34 40 191
193 93 202 87 162 245 177 224 42 254 118 243 72 143 184 207 123 224 167 255 63 124 119 139 56 186 44 69 99 126 26 212 171 8 128 13 126 109 164 28 121 41 64 238 72 212 61 166 58 207 11 153 103 46 17 99 254 65 109 34 212 82 249 186 205
224 151 165 131 236 249 45 35 235 16 3 26 147 180 47 12 232 191 186 189 80 241 150 109 65 73 103 34 101 226 66 146 237 14 128 25 45 239 118 196 153 69 159 107 64 153 43 248 6 247 219 73 50 14 199 37 240 83 191 224 0 202 43 107 250
18 102 25 168 4 249 158 198 34 120 28 79 56 95 175 110 51 39 222 139 164 10 132 98 145 7 12 179 194 6 198 194 154 175 253 26 181 252 209 11 32 76 187 216 35 110 136 111 51 173 39 54 8 103 122 179 214 55 136 229 203 249 21 161 179
101 197 85 184 227 218 218 76 184 104 175 111 212 180 118 157 60 131 232 129 45 70 231 45 191 61 151 150 167 136 18 127 69 122 151 223 95 88 131 171 243 222 203 238 251 1 96 25 144 129 187 197 216 196 124 234 5 136 79 183 36 80 105 53 199
124 30 32 110 140 147 247 19 77 156 199 16 42 8 153 149 154 183 182 218 173 110 28 95 151 224 221 202 18 123 192 122 207 90 135 74 48 58 239 68 35 39 254 14 254 85 195 137 223 109 69 150 85 128 236 93 43 195 155 147 78 239 180 239 215
133 3 103 208 219 149 211 204 109 86 140 238 250 41 43 159 74 22 239 152 39 141 51 92 193 13 211 10 149 74 232 201 119 76 7 112 159 194 141 8 118 235 165 123 34 232 156 77 91 166 37 23 129 151 203 57 201 34 156 138 145 53 29 30 142
148 219 151 64 212 21 23 106 90 168 103 153 136 48 129 171 4 59 82 77 36 182 128 129 5 194 22 140 128 196 15 67 96 122 237 240 97 23 230 245 97 105 253 195 232 209 109 218 228 157 48 159 229 27 140 54 233 237 204 51 179 235 55 39 184
122 227 139 103 109 62 36 14 29 94 46 218 177 125 98 254 142 3 148 105 110 95 219 234 137 56 230 184 17 135 188 39 72 55 146 31 172 223 24 104 38 177 217 218 229 108 26 236 180 231 157 254 248 4 203 165 160 239 45 94 242 181 51 120 227
153 204 20 4 6 15 67 56 79 145 190 145 99 213 232 80 44 146 29 79 62 167 252 167 97 90 192 44 55 169 130 140 145 187 147 250 13 37 153 146 93 55 172 39 213 57 28 160 248 84 65 219 232 36 220 95 49 49 59 75 33 136 38 223 60
17 85 140 133 169 171 34 160 72 114 178 14 230 156 96 116 206 71 228 224 115 15 5 158 185 76 141 119 232 14 237 253 62 155 83 145 64 123 15 197 222 84 121 40 223 101 187 67 104 99 43 108 56 22 18 156 157 12 43 228 206 109 167 252 32
35 36 47 42 213 85 50 22 104 129 48 85 24 147 91 219 140 247 159 113 88 40 239 40 237 220 115 103 137 97 197 28 155 64 131 226 236 42 201 106 57 8 125 5 123 24 24 66 193 106 233 122 123 0 73 38 19 216 229 205 166 102 127 81 179
134 87 160 214 51 120 253 207 241 152 136 174 241 216 170 204 141 55 9 148 183 34 184 10 246 233 156 222 235 27 114 75 115 93 100 245 148 52 35 100 184 4 105 124 113 191 112 90 151 213 15 86 35 123 124 29 131 42 44 65 163 161 136 107 244
164 55 108 23 242 82 5 30 243 65 48 70 193 33 29 51 228 68 210 199 253 244 196 67 192 135 133 2 252 241 92 187 144 206 8 202 51 148 176 23 79 160 0 182 186 159 50 121 189 88 147 37 228 147 8 162 208 215 195 210 126 209 192 207 138
197 61 222 18 185 241 63 58 76 95 162 171 9 67 230 99 47 239 76 138 51 221 17 169 175 179 5 3 210 230 72 30 91 30 203 120 253 251 0 22 209 36 99 70 40 237 80 150 85 82 7 113 222 144 21 22 118 27 48 78 58 68 164 127 56
23 145 154 167 22 241 143 218 249 174 147 235 125 146 218 241 113 11 113 65 148 204 169 214 241 237 142 173 103 246 26 17 158 130 153 38 8 45 129 115 169 246 212 196 15 255 21 22 107 8 49 114 10 96 182 190 62 85 183 4 243 107 109 144 128
160 91 166 12 112 255 83 209 148 142 222 63 184 88 20 100 191 69 139 208 173 228 63 34 217 161 186 38 172 64 58 131 171 33 109 60 165 47 154 43 254 58 207 19 14 174 127 104 255 52 129 176 31 157 186 240 5 41 247 159 125 232 118 65 230
90 206 42 255 141 78 84 110 108 167 136 126 20 184 98 153 227 237 3 196 18 165 4 171 73 169 109 207 150 252 60 140 9 55 47 173 36 114 74 215 50 223 197 89 131 10 165 100 81 195 50 17 54 40 131 243 57 10 179 220 123 56 146 100 166
134 68 120 207 148 159 115 151 100 235 211 49 246 24 217 75 9 59 92 235 235 139 163 23 208 98 13 214 188 23 129 29 90 51 198 27 125 75 76 43 234 64 245 174 114 114 216 104 123 176 99 66 220 59 182 3 73 34 46 185 1 60 148 202 242
177 210 6 170 177 59 102 188 48 74 129 186 92 144 35 162 165 36 17 133 145 150 45 255 52 53 58 76 183 246 34 154 32 74 198 211 173 143 196 253 148 241 108 243 7 8 111 46 132 183 3 116 151 175 224 168 74 5 148 237 185 57 247 254 229
73 208 9 42 47 226 127 158 183 188 14 242 19 25 247 49 221 215 51 230 221 123 70 103 141 140 68 161 51 190 226 216 183 204 104 64 53 81 103 254 96 56 87 249 222 27 12 110 175 241 190 34 238 125 150 238 134 16 12 189 68 161 90 34 57
24 95 210 88 249 104 155 81 97 16 246 88 127 96 154 249 155 32 198 167 245 78 76 253 238 90 28 142 34 26 146 168 23 144 126 217 43 65 50 184 25 163 114 11 157 127 44 224 247 53 17 12 237 127 133 212 42 202 76 221 235 9 29 158 189
11 122 193 210 140 131 166 221 88 165 49 9 47 21 163 47 171 179 150 215 168 134 182 220 42 249 176 16 198 87 236 237 49 4 80 66 134 53 54 137 107 161 26 17 21 14 71 95 100 150 136 135 62 200 104 120 194 222 235 62 66 222 69 183 48
122 121 88 29 11 97 9 149 113 48 169 169 147 165 236 48 64 49 77 199 167 115 250 251 235 146 222 155 219 145 153 165 146 246 194 148 173 220 193 133 137 209 67 253 99 32 54 99 200 220 74 155 99 184 217 249 14 229 33 137 177 80 177 127 79
119 230 25 248 117 214 184 15 137 84 67 242 23 185 153 53 246 80 249 82 123 55 28 120 203 169 110 216 150 254 3 251 40 19 208 63 163 56 79 228 57 90 237 174 217 102 187 8 53 174 2 103 113 208 182 37 29 245 117 68 252 189 246 202 57
187 84 149 31 53 133 184 120 243 62 239 228 49 175 248 70 99 236 153 5 94 82 228 116 159 63 24 46 21 164 149 51 212 43 157 193 57 124 78 140 171 126 80 139 48 254 157 177 101 37 198 117 76 153 163 152 61 155 95 167 84 156 111 126 66
27 118 215 117 228 218 225 249 45 238 27 69 13 219 179 9 204 69 224 6 27 79 185 201 196 104 222 174 115 51 215 200 138 202 38 201 77 116 148 83 172 3 57 221 168 97 165 62 17 171 98 121 191 70 14 78 217 54 203 144 230 42 250 18 182
136 39 74 21 89 101 149 25 248 106 131 188 71 119 115 35 154 200 38 121 31 48 193 71 230 150 194 236 255 76 111 228 24 37 138 246 107 214 224 78 217 19 203 254 66 20 248 164 83 0 107 157 43 205 211 121 133 214 43 127 170 171 25 46 29
234 61 8 80 214 60 255 118 239 149 74 140 23 202 2 186 200 132 34 38 159 215 198 80 222 160 253 126 246 131 229 250 243 55 15 67 150 95 28 118 77 124 240 55 132 12 102 75 207 170 198 99 233 214 64 134 160 63 20 104 104 93 95 238 46
125 210 228 220 163 15 178 227 133 127 104 51 119 124 37 118 200 178 71 96 142 210 155 237 79 4 17 220 65 223 17 57 50 245 229 110 79 110 129 150 104 112 28 22 208 179 41 109 92 4 107 13 46 197 26 151 227 97 83 230 118 68 38 254 45
241 143 37 166 52 90 151 136 2 226 133 48 237 174 139 98 160 200 33 72 84 84 181 128 190 151 82 231 109 250 183 201 25 3 237 216 90 3 233 232 243 174 46 214 193 11 186 41 112 136 235 121 21 208 222 29 175 23 19 154 174 230 162 190 113
132 56 149 214 214 84 190 58 34 6 80 139 165 133 211 58 234 176 222 204 122 231 207 49 174 138 161 60 246 189 58 141 187 125 169 94 84 77 10 225 69 172 133 82 176 96 195 231 93 255 126 19 23 219 215 104 26 27 233 204 219 253 208 46 178
233 245 148 126 68 131 232 232 209 131 51 54 123 158 82 45 11 161 227 205 57 252 237 25 253 9 14 208 211 18 9 4 209 9 190 233 65 113 182 185 232 189 177 74 237 26 27 8 226 30 229 12 75 16 151 166 246 117 99 202 184 184 234 220 245
170 52 10 71 0 115 224 27 52 160 237 148 31 183 204 74 189 240 187 233 186 54 61 124 81 144 239 73 181 98 168 131 109 201 252 155 14 56 63 134 90 68 90 46 14 247 21 3 104 227 29 145 19 181 48 183 231 60 244 5 217 141 196 29 135
185 154 53 214 196 26 63 252 37 170 131 61 98 58 203 194 93 79 173 20 219 61 149 225 69 248 112 170 80 78 97 83 23 252 234 28 57 222 171 141 156 94 135 162 179 141 78 94 159 220 111 153 78 204 129 239 207 88 248 210 198 212 12 143 220
144 189 216 231 126 22 0 120 154 237 170 223 134 37 147 27 66 108 98 42 101 225 70 227 217 242 110 35 214 185 247 241 13 188 121 116 32 11 198 57 105 191 19 147 80 223 113 100 159 32 84 177 123 119 195 7 23 127 165 20 38 241 34 31 138
132 42 97 240 215 186 78 226 196 91 240 172 198 116 35 247 86 38 130 210 57 142 129 225 28 109 156 196 89 207 19 189 206 38 10 74 149 208 166 57 77 25 218 91 1 64 168 170 131 107 98 247 65 21 152 177 94 118 152 245 55 64 93 26 6
167 122 85 131 217 179 211 121 98 59 148 127 247 153 107 241 142 30 192 255 225 26 27 179 97 133 142 255 31 215 42 180 253 19 144 194 87 182 191 141 219 77 20 119 101 48 164 26 37 159 62 37 193 254 117 164 129 193 9 68 145 203 212 244 181
212 150 101 206 231 233 100 189 220 216 63 9 14 76 137 124 141 154 92 245 182 43 112 185 40 45 236 152 111 233 164 171 199 124 33 141 10 93 48 38 94 19 184 117 73 115 20 165 38 122 40 137 237 11 141 163 109 15 95 35 122 25 148 31 6
105 196 133 241 24 123 199 27 124 98 223 60 140 156 115 252 6 126 249 212 35 79 121 208 248 137 76 128 254 163 157 91 214 74 225 202 241 70 173 42 116 176 183 79 33 64 81 57 212 68 249 12 2 216 23 175 188 142 5 115 83 61 189 123 43
64 176 83 89 119 0 100 93 157 190 191 46 124 96 88 128 163 74 126 252 15 179 68 242 238 149 175 126 249 39 198 204 174 43 190 118 74 250 43 103 232 1 8 31 79 99 134 221 207 62 231 43 192 204 162 64 97 145 13 39 245 216 55 85 54
26 126 77 217 233 103 72 92 110 12 191 98 12 150 11 102 145 136 194 192 64 107 226 12 107 13 200 16 12 209 156 129 222 103 65 246 106 54 94 163 155 159 243 210 30 190 183 88 225 37 41 132 39 12 9 43 149 64 94 192 59 136 123 188 77
47 75 162 177 9 1 203 37 8 102 83 52 227 67 197 34 178 32 32 105 65 72 29 119 82 66 126 58 44 233 91 63 177 225 36 151 139 159 88 105 127 1 112 190 131 62 116 99 28 8 167 45 230 235 199 6 196 138 199 13 117 83 139 65 91
5 30 36 144 100 233 141 224 255 194 237 8 31 12 88 143 213 64 64 242 36 83 195 103 245 196 66 28 237 196 184 74 116 143 118 246 249 74 77 196 241 31 182 51 138 228 137 231 236 250 36 70 118 172 217 29 89 86 30 74 228 198 99 187 209
37 232 107 235 18 218 233 154 42 63 153 163 64 197 192 162 1 73 172 108 141 67 239 205 215 196 138 31 206 118 192 55 224 51 109 89 243 87 85 24 59 21 207 196 245 169 45 144 5 166 68 206 5 15 170 117 131 228 44 121 107 173 40 189 64
122 68 25 197 16 67 123 237 196 123 171 192 107 134 214 45 123 227 203 66 5 116 6 238 160 229 148 43 54 53 229 171 216 233 116 222 23 236 88 219 128 164 231 186 229 64 194 78 8 174 2 133 229 161 57 75 158 213 220 235 67 74 59 198 168
254 81 130 94 17 2 74 41 205 34 232 173 85 213 38 104 78 161 109 92 171 149 46 127 214 251 92 164 236 243 108 209 208 217 171 255 34 248 145 206 164 89 124 68 197 66 24 2 251 74 252 108 2 90 5 152 78 102 122 53 241 25 123 75 197
35 177 129 62 211 221 154 12 207 64 145 192 152 23 65 178 173 190 226 112 34 62 14 8 116 57 176 74 218 7 33 56 192 238 17 78 0 232 7 189 195 169 136 100 106 80 197 210 204 17 15 222 86 14 132 6 195 76 69 82 255 186 174 220 83
29 65 170 89 19 254 110 146 149 158 23 188 215 131 127 14 165 95 240 217 145 226 134 163 29 131 134 5 228 33 245 32 23 223 206 225 115 183 182 236 181 45 160 49 155 131 94 143 146 156 25 29 95 69 216 124 174 11 236 240 208 215 90 215 33
226 255 16 164 30 161 106 186 205 180 221 77 6 157 25 159 34 11 24 162 26 49 249 184 124 104 194 167 171 92 221 191 100 32 123 47 73 193 123 90 36 61 68 231 41 5 228 25 91 143 153 179 125 154 68 85 66 178 19 16 150 30 193 25 77
51 120 124 206 156 120 43 205 159 74 153 88 182 155 0 212 147 137 123 248 119 72 157 127 48 247 81 189 228 116 81 75 255 205 210 147 222 225 88 57 244 219 94 127 188 81 49 91 5 207 205 40 34 65 130 133 169 238 138 219 118 236 76 253 147
56 62 22 56 140 82 22 22 149 173 207 249 172 92 163 38 234 25 255 166 103 2 14 17 121 253 60 46 32 33 68 66 177 53 87 237 157 199 178 92 18 166 15 223 173 227 130 112 34 81 177 100 66 117 219 201 221 13 200 27 179 40 176 145 20
89 169 14 131 227 125 160 230 1 251 254 152 65 53 242 124 54 125 247 5 82 110 211 88 109 127 115 211 62 232 223 31 98 67 116 131 44 206 248 237 83 253 243 122 216 209 132 255 26 133 228 162 1 213 167 137 119 149 150 214 198 169 236 232 234
87 157 103 60 106 205 15 59 251 156 67 21 130 68 170 90 3 4 34 86 97 77 91 76 216 151 201 219 228 77 183 203 36 73 40 103 112 40 238 164 233 142 167 185 193 7 178 168 201 172 16 44 193 208 223 28 89 132 165 164 5 157 176 193 40
227 175 81 228 244 31 206 17 152 170 112 47 235 155 43 196 164 37 157 138 236 128 230 81 58 255 14 134 123 220 174 177 57 141 223 109 167 217 241 79 141 190 50 193 244 100 129 225 131 86 40 78 112 233 172 139 148 88 223 248 68 41 47 42 153
64 226 112 81 58 241 233 109 96 162 174 249 206 125 60 0 168 181 60 157 148 81 66 162 64 24 131 182 11 80 136 115 18 83 0 115 139 127 154 53 120 104 254 205 116 73 15 202 1 172 152 37 32 245 119 32 135 95 156 208 254 32 77 182 99
82 84 188 170 143 19 138 195 150 138 162 55 32 2 252 224 194 51 197 171 49 59 246 47 159 230 234 70 119 200 13 146 140 77 230 233 157 251 121 113 143 53 27 172 5 31 79 77 162 216 98 7 238 71 110 252 121 10 86 150 46 154 131 250 64
199 42 221 212 33 100 146 149 109 239 145 52 200 241 154 115 111 164 197 25 241 226 220 56 153 127 89 107 102 140 193 133 243 126 222 167 150 149 227 150 222 71 217 219 197 105 84 75 69 167 174 238 172 221 161 147 37 239 165 68 173 16 201 139 47
254 87 135 122 158 154 83 168 2 125 59 51 92 40 8 48 97 28 128 78 172 166 133 141 212 31 21 76 167 219 58 40 240 118 150 202 140 41 189 136 127 62 106 58 161 46 60 90 212 151 29 169 119 234 27 25 131 17 222 220 248 226 224 13 204
20 10 142 7 45 248 63 126 234 95 71 198 12 120 43 253 173 13 98 45 57 128 148 170 238 196 244 24 169 123 106 213 111 156 82 153 66 188 91 109 118 185 137 58 250 168 117 96 91 230 112 40 84 151 123 226 243 109 146 171 210 226 155 47 240
58 83 5 141 21 165 139 151 249 245 108 232 209 166 190 245 195 228 43 81 104 208 205 244 204 42 188 126 180 54 124 152 55 247 73 227 31 39 25 213 205 164 92 183 44 147 101 58 94 196 234 234 179 72 8 35 111 54 189 17 104 53 218 7 53
212 222 234 30 119 9 125 201 140 7 172 176 34 154 174 98 133 86 24 10 192 254 7 44 144 136 46 0 116 10 89 244 224 201 32 70 200 123 69 189 207 121 121 248 133 242 30 252 80 164 236 16 67 4 128 182 6 0 28 33 223 48 20 128 235
235 218 244 245 136 92 219 143 79 208 213 10 218 234 206 134 223 85 234 4 195 253 239 89 48 242 65 224 178 205 42 60 164 216 147 85 81 243 35 100 242 19 46 107 13 209 168 12 245 176 152 55 186 122 107 41 142 72 50 139 5 166 129 70 43
105 221 59 244 144 155 95 242 246 54 219 209 248 212 255 90 202 7 131 243 86 235 248 154 77 160 75 175 178 59 128 143 208 188 226 30 39 201 250 1 241 181 116 47 144 82 107 5 58 82 182 86 201 214 99 99 4 191 183 66 97 114 69 157 13
32 208 231 179 166 100 83 251 36 23 203 57 41 97 106 130 89 242 32 97 212 150 40 191 42 190 57 242 10 188 117 228 47 92 32 218 214 59 37 25 25 30 10 239 212 180 31 123 95 59 205 57 10 92 37 54 153 55 28 224 84 95 39 252 178
92 217 32 118 255 224 122 131 237 232 249 194 213 59 47 51 6 56 171 35 130 232 149 54 155 144 124 133 74 217 205 55 53 89 218 190 179 188 190 63 162 68 66 8 170 175 153 16 200 21 121 85 99 148 252 119 31 100 150 114 252 254 155 147 160
216 147 232 239 228 161 142 11 250 241 130 1 96 242 178 131 232 57 174 174 123 173 61 93 81 206 6 178 185 89 42 92 160 110 226 12 57 161 123 77 37 51 253 86 27 105 164 19 231 245 76 178 25 169 187 201 93 245 115 121 219 122 10 184 81
95 177 199 162 96 249 24 141 154 76 108 201 239 56 17 112 210 160 66 168 193 248 39 148 200 215 97 113 244 54 164 52 203 165 7 30 204 106 93 22 220 223 201 241 83 10 78 61 71 181 204 39 192 83 225 100 115 207 71 207 213 250 119 187 16
40 252 43 152 102 146 124 201 40 136 241 34 53 18 49 66 77 33 77 70 66 155 164 234 169 184 126 223 64 196 50 177 154 91 4 234 36 68 20 147 125 36 135 227 77 100 41 188 61 16 210 1 186 110 176 145 179 9 122 72 133 99 213 232 168
77 56 22 97 250 175 24 34 181 147 65 79 11 94 154 178 49 98 193 5 82 143 116 240 248 171 119 48 37 133 25 82 177 19 54 63 51 188 84 91 174 60 115 248 172 56 187 65 141 74 165 155 139 66 67 176 4 2 47 242 35 242 47 146 206
191 40 112 116 18 113 200 173 92 112 152 199 105 82 106 143 141 99 5 174 21 221 23 216 167 61 92 45 211 45 117 132 8 57 224 137 58 197 189 22 160 88 214 70 233 54 203 141 62 130 27 103 214 202 84 219 241 38 165 39 186 138 194 35 101
156 120 159 150 116 132 81 100 60 65 29 71 169 37 255 244 3 116 158 236 36 131 247 247 193 156 155 44 203 77 197 240 209 9 105 186 234 197 245 244 36 47 97 201 220 212 68 68 112 185 100 44 12 127 62 127 12 236 105 168 231 232 152 167 0
62 54 121 127 236 228 51 76 29 72 0 45 106 224 155 73 98 68 215 86 30 1 130 166 120 33 61 133 87 225 70 204 197 226 51 19 86 73 96 152 159 28 92 105 11 253 205 222 23 154 46 141 207 41 177 154 84 38 166 89 162 104 210 16 32
197 196 183 155 114 213 4 244 161 45 225 41 132 195 6 65 237 86 171 3 120 230 119 169 104 178 148 124 23 114 58 82 222 45 93 78 250 166 20 81 142 75 41 93 238 234 38 44 171 67 18 204 83 193 143 67 207 206 5 236 19 171 207 179 88
43 49 68 49 176 215 50 29 5 120 193 49 68 17 255 214 92 79 117 185 228 14 236 190 54 16 213 143 161 251 42 192 72 194 107 158 146 154 75 184 26 122 199 42 164 226 71 154 171 50 185 76 125 195 71 123 158 125 200 137 2 96 113 200 72
196 190 209 33 91 107 30 162 59 224 150 175 152 202 226 182 216 8 93 207 16 186 225 251 31 171 121 88 217 9 229 173 242 91 154 71 109 149 80 167 242 168 68 58 146 68 128 77 111 28 28 70 193 33 69 154 81 38 249 235 65 218 41 121 52
159 88 103 83 72 71 236 244 28 251 105 179 182 95 155 172 162 143 117 118 131 30 107 208 105 239 250 68 175 3 219 27 15 110 57 66 226 74 170 145 208 78 112 225 226 32 89 10 183 119 243 122 103 236 183 250 63 0 148 28 70 11 126 102 24
189 76 16 19 135 96 93 161 125 176 193 88 26 83 33 123 202 206 179 90 74 190 102 77 202 88 218 170 15 190 174 55 138 47 82 235 206 16 153 172 138 245 194 66 10 197 221 202 153 58 206 133 211 59 204 123 33 45 155 140 23 247 118 217 174
10 53 136 226 244 145 116 132 52 231 136 59 249 68 156 157 140 9 28 191 111 169 255 173 158 148 216 10 46 146 79 194 235 215 253 116 49 221 210 183 165 130 198 76 25 248 208 92 208 36 215 196 27 107 78 70 186 222 176 182 252 211 52 156 130
254 247 179 61 186 95 25 172 149 183 165 203 118 190 35 71 194 65 91 237 35 198 182 193 107 55 1 131 120 40 112 90 30 7 56 128 151 140 244 193 244 128 213 233 67 140 9 198 112 73 16 32 13 183 67 44 35 159 208 114 153 93 156 247 47
90 218 86 63 15 186 144 253 224 34 11 116 145 120 88 179 119 30 14 202 190 237 75 250 238 251 113 187 172 228 13 79 248 251 111 165 49 6 187 15 88 114 125 196 111 42 210 170 188 236 128 226 24 193 59 188 226 243 9 127 113 11 108 59 117
104 241 200 232 79 249 97 213 42 112 161 74 99 93 8 128 58 251 189 26 59 25 137 139 102 234 158 147 56 168 168 232 49 21 195 203 142 211 167 160 164 71 166 30 49 123 152 230 34 76 231 70 154 154 114 11 97 240 7 62 132 144 204 41 26
44 139 60 104 113 108 152 169 8 172 181 213 2 163 243 36 165 210 173 230 37 124 192 207 126 144 26 61 59 29 118 80 32 151 224 225 220 36 215 91 105 141 136 22 215 45 146 176 186 67 105 3 69 139 245 34 217 76 59 245 27 70 65 20 228
222 16 139 171 233 245 155 20 247 22 181 250 99 53 195 180 164 190 151 241 150 126 160 147 204 111 19 209 144 42 179 190 225 2 176 210 197 11 198 30 61 95 237 19 130 191 83 89 171 87 233 73 142 199 102 26 26 42 14 217 124 79 157 223 1
87 72 45 151 217 228 200 48 77 190 238 215 51 66 248 148 150 89 128 81 19 106 5 171 12 18 238 162 106 30 80 163 212 143 86 245 123 180 215 192 28 164 225 16 188 221 110 90 202 27 63 99 47 26 251 58 231 96 20 97 58 236 250 194 48
116 22 221 223 180 217 27 180 183 184 139 69 172 224 223 110 105 205 52 192 96 205 2 70 12 219 0 32 194 219 131 29 55 36 113 38 167 17 253 4 201 236 37 36 68 228 1 204 214 120 118 95 34 169 19 224 55 23 180 53 233 163 30 146 130
56 104 9 17 27 218 31 116 200 208 42 114 61 73 77 89 164 177 142 244 85 216 112 207 55 248 9 8 227 248 111 74 133 103 127 245 189 191 225 13 188 112 44 208 219 112 32 153 223 19 15 159 173 255 49 69 134 212 207 25 35 155 204 80 103
3 162 151 6 197 135 224 219 10 248 32 117 21 145 202 186 177 66 228 200 115 208 197 132 33 247 216 224 41 46 197 253 74 51 245 193 254 104 48 87 35 112 167 162 103 223 67 34 23 166 192 235 95 132 213 171 53 18 197 229 157 211 179 69 248
123 205 71 220 163 201 12 172 203 15 182 45 120 31 136 33 252 21 51 143 178 229 206 59 42 140 199 73 99 177 208 49 65 110 233 165 146 40 224 187 214 20 0 19 144 134 31 11 241 252 52 118 94 91 31 190 49 107 231 101 117 191 102 194 230
170 200 8 24 249 149 135 241 6 182 53 88 153 135 15 19 24 38 21 210 1 140 131 105 16 169 35 225 79 52 126 28 19 176 146 221 231 77 117 154 248 219 45 222 234 36 236 49 119 50 96 203 0 99 154 214 40 17 114 127 223 162 146 100 110
213 123 74 112 18 117 35 156 170 170 120 88 26 65 238 33 185 28 158 229 125 12 162 157 139 27 210 121 20 201 245 246 100 209 94 49 184 126 218 173 82 75 77 9 240 72 89 91 78 191 42 77 77 241 91 35 203 205 224 79 206 224 236 8 93
190 56 127 238 7 145 207 55 34 163 26 100 122 238 6 228 18 154 40 157 13 28 124 10 67 216 77 3 132 73 127 44 58 120 2 214 223 16 13 137 220 114 36 13 168 174 94 101 105 86 209 192 185 92 67 207 235 21 12 95 118 27 129 84 115
254 235 3 64 156 130 225 247 37 20 216 171 39 45 248 190 123 226 156 84 159 217 145 213 42 33 243 182 173 143 191 250 254 81 242 202 55 80 201 102 129 219 139 212 171 173 243 115 154 65 188 241 80 128 174 184 252 203 178 170 29 70 78 145 219
218 205 141 227 33 55 232 175 21 149 210 231 151 196 173 218 158 59 251 128 212 164 45 47 65 157 63 55 222 212 171 17 195 172 184 191 153 144 86 56 253 101 58 6 174 186 89 54 37 211 94 60 191 128 237 64 242 158 130 160 119 123 76 59 12
7 5 64 76 250 85 141 121 10 32 30 162 179 96 139 60 96 242 197 141 195 179 95 204 92 240 244 89 112 219 245 94 19 139 24 54 204 183 43 181 227 176 60 223 203 36 185 110 14 251 10 173 45 77 43 196 142 141 44 18 240 93 107 120 162
27 253 187 174 119 223 191 80 39 35 158 1 139 65 49 157 135 180 150 132 97 0 255 185 145 197 13 17 34 251 241 133 219 84 218 120 5 96 85 123 96 108 104 107 96 24 180 239 253 240 212 95 193 101 24 27 205 23 20 23 42 159 11 97 242
174 36 51 189 126 154 22 247 69 214 153 0 181 126 244 203 193 2 63 144 3 91 228 54 147 239 32 135 210 130 184 76 85 255 7 117 77 189 78 13 60 185 175 28 76 189 187 144 131 167 80 98 240 170 132 82 22 211 206 209 17 188 79 64 194
185 61 71 4 2 78 190 9 39 44 129 22 203 50 64 139 3 71 186 129 82 178 93 193 158 83 113 198 1 117 170 68 70 244 125 243 140 252 14 46 147 125 173 122 44 120 242 105 132 27 151 70 239 240 104 249 3 16 186 55 94 247 202 161 69
45 26 249 73 104 154 167 0 96 87 147 163 244 125 237 199 170 75 227 99 129 2 6 255 128 215 238 60 167 61 37 81 174 87 36 58 84 102 249 232 242 144 141 107 87 124 254 139 233 66 161 5 225 87 88 108 122 161 143 185 92 185 105 159 82
