149
88
254
136
39
169
202
81
219
214
87
114
158
99
142
10
67
201
59
232
125
91
213
11
108
226
46
85
209
129
81
137
44
215
220
107
180
133
155
24
159
133
112
253
234
220
170
114
254
182
186
242
82
58
98
184
128
143
249
91
8
33
238
135
112
42
194
232
17
47
9
33
76
138
226
0
45
37
230
50
86
203
168
47
162
40
113
120
35
214
204
125
135
99
60
74
14
213
209
108
19
117
241
139
208
182
0
1
205
77
160
214
92
184
15
132
244
102
28
137
104
165
215
68
11
210
38
130
220
11
85
187
168
245
144
249
62
190
50
26
126
118
171
108
134
171
116
147
209
75
185
125
96
39
182
247
168
7
191
19
86
57
91
242
149
54
115
25
210
159
15
239
249
13
111
116
91
250
197
176
116
153
213
20
86
99
57
223
198
172
217
164
253
128
49
7
71
91
168
83
196
209
73
105
232
187
224
9
221
183
61
200
123
117
182
221
151
180
221
151
25
56
33
90
198
211
59
181
99
178
184
9
58
131
226
75
211
130
32
190
68
178
80
61
133
68
98
228
71
103
228
211
26
75
140
79
110
67
92
25
