93 141 252 115 248 58 253 144 177 42 227 179 150 108 39 167 223 108 209 186 29 163 230 243 18 105 127 251 144 154 152 142 130 60 74 47 52 178 26 122 145 34 182 86 82 185 89 160 252 157 166 88 186 195 150 19 166 156 124 23 179 14 110 143 133 127 242 40 202 231
30 78 126 142 198 1 130 141 189 12 184 107 71 158 202 185 61 223 208 162 123 193 85 153 9 39 91 231 131 68 144 145 8 140 57 47 244 204 170 204 175 195 201 211 221 251 221 92 126 111 163 51 104 163 242 168 155 156 184 62 205 43 104 98 106 20 6 58 186 146
250 195 80 117 200 154 108 26 76 23 184 55 146 253 191 50 152 71 85 59 96 177 131 217 74 2 140 132 30 207 121 16 160 107 3 235 80 93 3 127 88 197 50 72 29 133 119 19 5 188 22 241 169 78 3 53 125 46 234 136 52 7 41 41 239 4 99 124 84 30
7 214 204 70 16 154 90 55 217 116 230 80 153 14 252 139 193 99 48 149 59 203 22 72 153 147 3 29 174 140 232 38 93 8 230 186 118 91 168 121 64 79 151 148 65 196 48 81 197 95 40 176 146 25 62 11 160 104 69 190 14 64 11 120 169 189 50 187 96 193
173 199 88 216 147 203 64 207 144 129 204 12 31 89 234 222 27 228 185 143 61 98 12 220 122 117 128 83 75 217 35 126 189 246 70 205 91 33 183 70 172 124 87 135 156 208 119 136 73 218 9 15 117 238 28 92 238 20 93 45 171 223 66 112 71 42 172 117 220 9
170 142 107 145 229 39 167 192 178 179 14 112 187 34 60 148 81 42 196 58 125 133 163 236 67 19 240 132 178 25 208 148 172 177 205 92 43 43 215 15 102 127 182 149 81 210 142 61 22 145 62 130 28 121 240 160 40 248 53 59 209 99 106 207 168 130 214 213 184 124
126 206 42 243 158 188 24 54 230 6 169 32 52 127 108 104 18 204 244 174 237 43 61 113 96 172 113 150 226 197 61 71 237 215 113 173 18 156 76 242 219 45 183 254 117 223 232 186 2 156 129 180 115 108 85 32 162 38 83 187 14 206 114 207 236 179 67 169 31 195
106 58 83 189 103 58 221 85 165 87 63 30 178 222 160 58 111 143 16 69 199 34 189 90 12 116 56 159 211 122 233 16 92 16 98 224 28 213 161 141 249 203 66 97 19 43 208 112 32 204 142 160 251 40 247 113 167 137 38 94 8 93 84 247 54 76 162 115 77 85
90 150 170 25 137 51 106 187 112 209 92 13 35 186 98 102 79 96 184 209 154 83 229 127 160 130 165 155 234 57 3 219 181 221 114 183 6 175 101 15 245 44 108 183 65 166 234 168 150 50 27 41 89 218 7 88 94 193 145 231 90 183 196 108 41 24 80 239 150 142
110 40 232 190 204 14 172 165 89 240 52 254 24 239 68 254 236 232 223 6 50 101 199 214 65 88 74 100 100 190 158 213 177 187 187 62 112 111 114 138 179 242 235 104 255 104 65 175 244 194 242 113 164 209 79 250 142 193 190 26 52 244 55 54 16 162 9 183 72 239
67 29 64 82 13 77 26 129 99 8 185 56 69 235 31 125 90 169 134 113 135 133 16 29 240 58 247 53 215 227 78 184 171 44 62 63 181 76 129 53 86 82 232 12 126 110 2 16 71 181 211 193 15 238 156 7 18 60 140 30 162 178 161 102 67 223 217 199 200 126
169 42 141 188 15 142 125 64 27 50 133 76 185 89 114 130 241 171 172 197 235 37 101 200 229 89 216 1 154 218 109 251 62 147 104 142 134 223 91 36 53 185 120 89 39 213 122 134 36 32 127 54 234 255 135 93 38 46 1 234 6 207 104 70 232 19 248 208 193 227
218 123 89 17 120 75 147 107 216 67 173 160 167 65 87 4 14 3 30 120 151 198 17 239 58 190 158 133 188 193 198 147 14 128 115 198 170 2 218 62 65 200 46 19 231 5 51 112 86 47 78 19 73 252 52 115 132 71 46 67 238 147 36 4 7 134 127 49 46 207
239 150 199 39 134 59 187 209 77 244 179 107 194 122 64 126 131 98 201 215 224 34 22 28 223 230 176 49 204 209 212 202 51 79 4 98 125 214 7 195 152 6 44 91 195 244 218 88 134 48 123 164 11 69 194 0 255 62 22 3 229 131 233 89 113 102 194 175 55 221
173 196 226 245 225 205 162 38 174 30 109 177 161 143 48 80 89 150 4 215 173 201 48 189 115 129 164 255 166 82 85 83 12 107 95 102 112 59 194 181 194 206 40 68 86 136 24 66 149 12 201 241 82 152 43 141 235 39 160 68 73 235 51 190 197 70 201 231 1 248
165 7 128 133 154 87 145 158 128 137 43 91 18 245 29 142 112 37 197 162 168 149 72 33 67 114 199 134 170 198 62 31 83 44 224 239 182 172 111 123 234 205 231 196 192 196 86 216 120 20 244 197 77 75 158 19 254 99 68 241 99 113 19 60 177 95 190 52 201 254
95 18 232 20 141 236 236 48 98 146 23 107 14 14 51 177 33 67 121 236 37 9 251 176 97 61 239 228 86 106 29 101 56 65 172 206 99 163 117 104 128 26 20 161 150 207 188 90 189 158 19 22 89 213 191 89 31 230 140 36 252 181 73 226 69 150 180 206 192 158
184 109 37 50 50 135 20 25 62 151 113 85 145 54 213 148 53 67 229 133 79 228 44 185 216 78 60 131 210 178 184 183 112 99 48 184 173 138 116 95 46 223 51 222 43 217 46 215 15 200 39 35 41 96 206 97 147 47 149 198 56 57 241 139 130 113 134 253 33 220
25 14 73 39 92 169 16 14 106 191 177 235 102 190 172 125 79 18 20 208 136 131 163 93 139 39 224 119 253 61 65 230 53 242 231 76 139 198 52 190 147 165 100 172 112 235 153 154 83 34 237 144 229 192 64 204 28 231 199 146 91 80 43 106 118 115 241 132 254 242
48 248 95 38 234 156 31 124 72 11 2 108 94 171 196 29 7 24 2 14 11 125 124 16 68 209 33 130 1 164 136 6 75 231 7 78 123 10 189 114 52 74 110 36 109 9 4 195 156 241 183 185 180 57 245 93 167 153 54 188 219 249 51 176 165 49 189 103 143 98
251 226 244 238 119 121 213 249 181 162 241 33 125 143 195 226 148 93 101 52 225 211 216 119 198 105 106 139 70 178 74 149 194 60 216 122 5 60 160 102 43 25 14 51 53 202 82 21 202 254 223 41 23 156 223 9 240 133 131 152 96 55 229 108 178 122 5 157 146 191
79 18 197 175 55 105 82 178 135 153 31 127 188 73 68 75 16 148 6 109 126 142 50 84 109 13 195 176 73 238 94 22 41 235 116 237 199 222 193 234 127 101 228 50 101 100 187 109 90 9 148 230 101 116 70 62 225 81 94 20 48 225 218 18 44 199 56 103 83 141
158 6 90 3 76 105 42 28 156 132 214 36 132 210 112 63 112 208 128 48 218 82 77 253 76 149 196 110 119 43 25 21 114 27 219 99 54 214 255 113 181 43 152 16 69 43 194 117 37 146 197 26 82 54 253 71 158 13 65 221 235 186 202 114 92 149 108 156 164 134
166 20 173 207 116 50 32 1 246 150 38 49 119 156 229 213 127 35 79 246 243 24 65 185 6 219 117 250 59 50 21 129 99 59 86 12 146 145 173 175 171 114 164 53 149 142 162 251 15 234 83 211 165 171 198 188 253 203 247 191 172 155 39 99 84 128 101 176 88 62
136 212 187 140 71 17 146 23 128 136 202 193 49 3 238 12 159 35 196 155 84 247 111 249 63 153 118 58 71 225 167 176 235 165 150 173 123 117 104 132 74 220 147 94 195 155 56 233 145 69 120 14 178 102 31 12 107 62 119 179 14 186 173 205 78 186 106 139 164 94
239 162 32 235 14 0 110 137 237 242 166 243 130 74 99 34 16 224 49 25 253 234 208 101 200 123 78 225 196 37 80 141 14 18 95 127 1 73 78 100 49 161 252 59 180 88 141 57 218 105 180 49 84 106 79 199 40 52 239 3 220 247 172 43 187 167 251 35 114 250
74 196 16 192 181 174 106 2 51 73 170 180 157 136 55 67 177 210 104 244 150 151 112 72 33 220 38 31 230 125 145 170 131 64 14 168 76 181 101 216 230 252 67 79 32 105 231 101 40 12 59 153 162 19 230 244 57 134 136 86 234 33 143 2 166 164 154 44 104 120
119 61 159 233 244 175 232 185 191 60 87 28 98 196 202 178 25 135 227 179 68 136 222 87 31 67 153 225 206 218 19 243 184 19 251 224 97 177 237 141 226 90 34 143 253 174 210 175 198 36 210 187 47 164 211 164 89 228 137 55 41 60 64 6 178 179 148 29 167 203
15 67 81 122 132 1 8 104 212 190 180 228 213 93 127 78 17 251 249 190 28 70 35 120 64 75 229 10 139 2 162 216 156 3 220 193 14 29 193 149 12 238 14 128 100 206 3 132 178 196 104 53 219 38 109 132 137 226 219 206 161 246 217 27 68 19 156 90 47 167
23 216 34 22 209 13 28 113 71 146 117 73 113 159 94 254 115 124 14 111 23 81 195 227 19 210 235 90 232 252 116 20 90 107 44 36 106 131 118 243 46 38 193 106 153 191 140 77 123 207 221 102 144 99 156 134 176 209 90 58 55 208 83 91 163 74 176 144 156 155
130 45 190 27 113 211 110 205 23 8 0 122 47 127 193 85 10 135 208 136 11 100 63 20 176 213 92 136 38 32 108 15 161 4 38 195 203 255 187 42 8 198 220 211 227 174 61 70 169 239 53 183 163 177 146 50 88 55 163 183 43 201 174 185 173 76 47 95 191 254
72 236 77 38 113 222 139 85 222 73 79 222 157 110 184 222 193 37 169 142 3 118 96 34 105 115 138 93 118 78 103 228 114 62 151 3 240 25 59 204 160 145 109 229 67 58 7 131 72 222 25 84 125 144 177 234 33 194 42 240 131 200 83 85 145 37 250 26 4 67
153 174 11 183 203 143 156 143 163 226 115 179 38 203 105 216 81 49 137 176 11 153 245 92 115 98 91 224 65 108 166 219 93 175 121 226 90 50 92 243 166 169 44 223 245 177 220 25 140 122 75 20 181 203 208 181 175 243 46 112 16 240 222 37 175 2 44 205 122 215
129 11 173 105 35 77 100 114 116 123 113 20 142 78 58 180 183 255 73 138 160 254 114 208 156 204 21 204 243 252 39 3 67 175 114 9 94 239 3 125 220 220 215 62 164 129 139 113 45 37 184 216 106 25 52 247 211 99 77 120 213 37 113 165 84 121 51 20 211 197
225 195 28 224 172 96 28 196 188 74 185 78 119 139 209 162 141 24 113 118 154 125 80 125 21 25 70 121 150 22 61 120 197 68 2 44 6 24 184 105 255 99 213 217 83 119 204 22 209 221 106 192 122 247 165 110 223 110 62 0 126 198 134 6 243 60 65 224 153 168
252 196 102 105 222 131 190 225 95 70 224 151 217 171 224 194 236 237 185 87 21 204 144 79 209 167 160 6 137 27 209 140 37 18 156 216 238 213 177 194 21 97 35 124 173 178 202 117 158 122 244 86 0 111 209 67 247 114 66 119 110 66 124 120 104 7 1 99 218 43
29 63 198 47 31 99 126 148 39 98 25 36 6 98 100 189 239 141 231 87 20 9 203 30 177 34 211 98 64 102 222 71 217 219 178 147 109 20 158 204 51 53 133 112 82 28 43 225 69 127 170 119 26 90 40 153 32 9 157 57 65 34 185 8 36 183 131 24 250 67
33 236 207 86 80 123 9 248 43 145 145 194 25 94 20 188 106 65 249 157 187 74 76 41 27 238 148 67 203 200 8 96 179 144 210 213 173 72 16 139 54 30 154 38 86 253 16 176 45 110 227 208 219 102 190 44 247 204 207 145 87 66 138 26 139 29 218 234 228 218
114 43 135 138 227 173 111 224 79 176 120 74 218 111 123 150 160 254 45 165 224 147 78 117 179 205 42 215 231 185 200 147 127 125 234 150 110 14 67 184 242 34 0 86 175 132 130 72 59 32 117 82 244 48 227 180 26 25 172 234 138 245 251 167 226 218 166 190 51 53
251 73 235 221 30 205 163 76 231 245 139 204 112 17 101 48 1 175 55 198 246 65 74 192 133 190 235 34 204 101 237 168 239 213 208 55 184 64 219 107 24 34 25 33 121 233 202 163 157 155 234 189 242 107 23 240 49 210 84 67 183 15 194 226 116 93 229 249 162 40
138 176 35 216 13 115 144 189 231 116 34 174 222 196 113 233 203 156 202 253 9 118 110 174 150 175 78 175 200 225 40 94 86 209 34 101 62 234 182 49 54 231 29 55 162 94 31 147 40 160 241 255 19 4 191 49 47 244 137 80 119 177 175 9 154 150 149 54 200 28
139 200 240 203 121 9 50 75 0 15 75 140 197 75 202 113 44 88 223 117 90 79 168 111 136 188 25 190 101 5 82 211 190 140 254 111 29 78 177 43 212 139 254 69 156 132 193 239 62 108 42 99 79 107 5 6 101 28 157 50 214 218 49 62 226 195 242 231 41 121
97 154 117 133 130 35 128 180 11 125 13 89 7 218 63 68 165 203 119 202 54 164 155 26 252 205 132 52 22 237 202 110 239 82 199 199 165 17 188 12 116 1 70 250 139 234 80 42 68 57 137 136 11 71 240 92 88 47 16 0 77 113 173 88 196 60 249 182 60 76
63 196 105 190 148 117 134 161 109 6 87 124 182 100 73 32 231 150 244 88 98 154 94 62 255 178 138 191 55 219 7 127 54 155 245 222 114 202 141 228 234 126 93 3 77 192 146 40 51 91 123 14 218 59 145 158 235 1 103 65 63 169 176 28 106 129 173 7 174 126
120 89 182 42 54 54 191 80 0 67 151 173 81 84 164 64 234 88 102 104 92 238 15 234 166 68 133 165 244 250 76 213 63 177 93 233 85 130 40 226 244 130 2 30 76 60 100 195 46 143 134 70 24 60 189 160 104 242 185 237 170 201 129 67 237 241 64 71 186 216
242 174 208 123 103 114 165 47 188 242 97 11 87 48 204 53 183 35 0 9 53 47 3 166 8 93 130 207 59 249 243 76 93 61 98 184 76 148 196 124 176 147 93 96 224 10 90 227 207 235 102 52 211 31 44 242 215 73 61 20 206 250 53 111 124 237 2 98 203 150
46 206 146 168 87 192 196 218 153 1 158 254 66 134 169 3 156 221 108 40 105 236 118 110 191 27 134 145 120 245 170 243 24 22 155 249 111 217 35 22 241 99 66 184 178 246 20 200 251 212 63 215 197 235 231 68 240 121 226 239 146 201 180 216 130 228 103 58 17 216
128 251 247 18 156 6 180 116 59 212 207 47 96 215 46 51 132 27 152 160 58 201 169 230 175 251 82 173 14 39 224 13 163 148 196 64 205 63 220 206 96 117 9 137 140 176 186 200 46 48 163 36 64 103 218 103 126 240 4 97 189 159 176 153 151 78 224 152 59 133
80 162 135 194 251 32 154 245 105 35 172 79 65 79 133 122 55 3 185 35 170 243 121 116 92 255 215 50 4 196 49 95 172 208 119 211 99 91 183 212 219 11 128 130 30 70 150 144 180 151 224 81 249 165 165 95 162 38 240 220 187 224 180 242 146 7 133 221 93 49
207 147 174 138 30 123 38 233 181 116 246 187 51 24 137 213 88 196 226 216 21 180 116 124 179 56 35 92 90 209 77 180 28 167 216 181 142 151 249 204 237 53 162 144 9 115 67 113 46 126 62 243 15 25 16 29 64 98 209 52 70 211 132 83 59 252 3 226 197 130
196 43 140 56 48 163 82 229 203 97 123 27 231 190 117 24 79 96 221 76 79 24 161 117 88 104 25 211 152 202 84 163 78 99 200 104 191 242 14 228 1 194 83 244 161 225 23 56 204 177 64 121 175 27 23 20 115 10 175 243 57 123 0 221 26 8 69 119 123 231
25 118 134 85 195 56 174 243 121 250 189 88 166 105 247 134 218 247 248 245 122 36 61 205 120 88 44 153 170 130 36 199 143 238 234 65 199 245 188 130 211 107 124 248 88 138 211 44 97 109 187 233 247 143 176 5 133 190 71 161 186 166 245 210 25 204 30 174 170 85
16 232 30 183 75 150 95 31 246 18 85 149 219 233 152 229 237 67 232 6 89 57 217 15 224 57 64 201 240 114 24 159 53 82 69 230 103 103 124 29 82 69 183 112 57 92 136 19 209 243 90 2 238 17 121 58 185 243 40 103 208 58 128 93 190 54 134 62 16 110
216 47 113 78 60 65 32 86 159 37 207 3 111 34 193 41 112 17 44 225 117 159 135 67 26 61 224 191 146 239 188 127 18 9 251 116 211 160 102 234 232 10 34 143 149 252 127 33 50 57 202 192 205 39 231 70 58 254 202 46 243 198 7 198 164 17 218 241 228 121
195 143 17 138 152 186 59 35 4 23 150 237 161 48 204 210 208 188 172 213 12 115 213 76 204 153 196 17 7 21 33 9 246 139 192 187 148 135 157 252 99 35 223 105 117 31 134 162 191 86 214 11 92 46 162 61 123 94 179 120 112 197 35 87 222 114 141 50 238 45
119 188 107 124 39 114 88 61 168 143 93 137 155 15 119 35 15 114 162 102 60 105 14 253 102 76 184 17 211 47 159 119 23 23 1 4 217 55 87 50 34 14 57 234 163 120 227 171 81 189 35 154 0 170 251 102 241 180 143 231 31 31 77 102 124 200 54 167 74 116
153 84 246 234 196 69 203 53 33 225 162 45 69 150 201 120 85 220 188 31 250 162 182 19 28 26 237 133 14 52 32 181 31 183 222 103 102 104 64 215 56 118 180 114 130 114 6 94 17 13 104 236 49 20 146 123 162 151 157 203 6 84 4 61 51 133 112 125 144 95
16 153 132 56 218 198 222 131 219 227 94 73 236 43 37 209 175 247 93 165 69 47 154 125 23 166 50 43 53 247 63 230 50 213 21 11 36 243 140 186 250 5 207 182 12 92 88 31 148 12 195 148 61 40 163 248 76 44 214 193 168 103 106 194 77 98 40 54 58 45
111 120 127 236 235 64 176 9 59 224 132 136 23 250 49 85 134 203 193 206 162 10 219 124 7 98 115 88 148 41 94 9 65 251 24 81 114 15 181 172 95 166 64 244 139 162 140 244 102 103 247 207 49 27 161 80 86 11 127 74 100 229 83 152 65 202 127 82 120 62
23 27 72 187 175 2 10 101 121 249 204 64 183 117 238 13 17 231 142 242 34 34 93 107 214 70 252 54 226 37 105 168 170 64 127 123 8 130 205 64 252 161 60 19 242 206 15 238 17 139 198 201 23 186 39 199 133 223 132 80 6 126 206 82 69 154 115 41 93 31
69 128 162 155 94 160 92 102 8 147 219 217 101 204 222 111 215 110 28 215 91 95 40 251 245 120 190 141 170 152 44 98 98 33 215 117 89 64 20 193 27 100 112 177 211 11 214 232 84 223 202 138 177 247 2 2 222 131 74 97 50 234 190 21 210 128 209 234 10 187
80 234 49 185 100 45 46 125 219 218 238 76 247 98 115 95 242 138 177 101 74 247 151 141 116 216 28 250 128 251 209 5 224 187 77 31 233 71 188 231 135 229 216 253 121 166 198 137 252 160 124 106 29 200 0 87 167 68 183 248 73 201 147 250 109 55 201 143 152 78
193 23 184 41 103 108 86 130 87 193 45 34 91 119 192 124 156 114 122 21 116 117 42 204 253 181 229 11 228 146 152 8 129 140 231 82 211 168 194 18 112 100 64 11 142 52 135 226 108 105 157 162 239 214 251 190 182 66 198 192 65 227 211 16 237 46 159 167 10 170
149 63 221 230 14 189 164 47 119 28 4 234 249 255 224 198 144 238 56 135 133 82 9 131 161 188 156 76 180 148 73 184 205 234 207 181 106 175 90 182 98 171 101 225 151 34 34 224 187 229 180 211 177 74 12 136 133 18 222 92 50 217 84 248 230 84 23 48 229 69
138 114 174 93 216 108 15 72 25 44 180 82 213 192 122 66 174 191 114 145 231 210 196 12 10 124 207 6 84 24 219 72 51 190 91 66 98 71 55 218 179 123 102 133 243 196 143 98 162 167 211 92 144 7 112 70 82 157 13 5 10 102 189 134 1 248 235 51 70 35
194 91 56 188 85 96 217 77 21 61 88 81 148 87 129 113 61 89 252 241 75 38 78 29 189 60 20 10 181 79 190 144 2 195 49 163 89 174 202 44 93 178 63 235 29 150 132 214 136 149 120 82 158 180 145 9 26 30 97 176 108 53 182 24 54 94 146 129 162 109
96 79 139 125 43 224 211 109 207 87 54 135 145 147 64 92 52 234 112 72 141 249 83 234 10 244 63 89 78 200 230 124 229 222 105 61 205 33 214 122 86 31 188 150 44 168 121 59 211 236 8 250 130 28 207 250 77 252 184 102 91 14 248 120 157 192 79 230 79 191
148 52 130 199 241 1 29 127 191 130 168 15 120 110 57 148 229 167 64 209 6 129 25 247 163 48 110 121 186 12 20 53 150 141 28 143 160 120 247 166 58 217 146 216 214 18 82 134 10 239 116 136 36 99 6 192 222 131 107 6 64 173 137 236 228 74 114 190 117 189
240 200 139 106 31 204 244 219 184 93 101 98 207 16 214 4 222 168 145 88 60 34 113 92 244 171 11 102 179 204 200 34 238 119 201 120 134 249 147 157 255 35 96 147 129 84 155 141 30 126 90 240 24 163 200 66 248 209 74 89 241 126 97 194 247 41 182 26 61 65
226 176 44 255 196 182 7 19 138 6 36 188 126 83 54 236 129 133 190 232 173 100 117 241 117 191 245 242 57 234 120 106 76 219 224 131 27 152 226 86 32 169 134 103 66 62 26 3 106 1 113 197 45 85 84 6 2 241 20 239 82 225 57 84 155 135 139 102 75 180
46 56 236 92 195 106 166 46 93 159 75 13 32 210 39 151 43 222 31 78 150 19 144 33 58 134 162 76 192 218 29 240 190 200 109 198 24 91 65 131 58 72 33 57 166 97 60 81 3 193 252 79 244 194 63 142 49 188 7 83 42 220 186 204 74 21 155 212 8 216
69 249 128 55 93 171 186 110 100 91 179 223 24 95 41 29 206 253 166 191 249 139 127 145 21 83 156 136 21 20 108 84 62 240 166 23 130 189 18 246 163 105 79 40 115 126 194 187 226 219 26 128 153 1 80 54 54 126 57 12 87 176 26 184 12 46 75 46 35 206
145 97 125 196 47 211 25 135 96 133 237 96 235 220 70 214 185 132 160 214 118 170 132 92 249 16 11 170 160 164 92 101 52 196 41 177 227 223 10 184 117 194 26 236 104 222 26 128 8 137 103 86 220 31 216 206 237 77 168 124 193 15 233 221 113 199 196 74 15 115
156 255 143 35 187 156 152 31 212 213 221 231 246 45 12 183 170 207 23 84 91 110 211 150 126 208 178 146 143 212 196 110 24 55 84 31 83 39 103 186 240 113 76 242 234 232 25 248 67 39 117 196 129 207 230 138 12 108 46 43 56 135 59 93 211 21 39 157 164 22
95 44 95 188 32 178 61 99 78 4 163 175 244 73 195 7 179 196 37 38 153 181 56 214 128 239 49 51 72 195 42 150 251 242 147 155 78 207 222 221 132 146 125 185 117 149 113 11 232 150 172 68 252 241 17 226 200 122 245 45 230 181 246 232 139 122 230 211 180 50
220 7 6 191 231 70 37 81 70 32 241 154 75 18 191 82 210 205 117 2 69 117 246 167 165 239 38 41 246 15 25 85 165 70 168 58 4 140 42 19 74 188 113 173 97 70 87 74 255 43 18 222 252 158 73 31 52 196 223 111 255 209 63 126 144 209 34 190 208 91
233 248 76 168 15 125 143 107 131 64 10 176 143 235 250 70 37 186 67 87 11 160 248 178 55 157 96 175 25 70 2 108 248 201 95 133 35 250 197 195 46 193 222 205 195 34 81 175 192 93 67 37 169 76 247 64 22 60 38 77 68 97 130 78 187 209 69 122 239 218
155 102 36 247 201 184 215 11 177 28 189 193 132 92 53 73 52 177 101 89 220 175 30 236 221 244 28 38 197 246 76 179 27 135 222 197 238 45 248 76 250 209 172 125 25 224 7 123 143 254 81 51 37 142 63 145 70 79 213 188 237 158 8 207 219 231 212 152 80 166
92 111 221 238 250 52 87 63 33 90 197 96 13 10 133 191 20 7 49 80 21 107 130 53 120 32 131 201 251 247 224 165 197 220 143 146 26 254 244 187 149 251 192 246 122 116 106 117 12 194 51 8 88 33 36 75 133 229 100 192 129 95 54 218 121 175 133 129 233 175
224 180 105 114 209 36 161 214 231 228 50 166 197 223 39 75 136 211 80 218 9 167 60 36 135 77 88 192 65 242 76 217 18 28 112 107 200 251 82 74 31 81 119 75 74 119 165 114 161 8 172 230 213 128 173 160 230 241 227 226 213 9 114 69 50 15 61 45 150 212
170 34 14 122 144 138 154 71 161 131 61 28 150 169 68 206 110 88 227 96 190 51 143 158 14 225 193 75 93 56 11 12 48 55 33 1 184 137 247 157 120 26 105 149 45 6 54 136 244 33 222 219 67 125 144 70 138 178 49 90 131 211 164 147 183 176 129 170 21 22
75 242 205 201 64 14 173 172 52 195 253 3 183 36 100 174 133 167 110 127 224 236 19 250 24 74 51 238 29 44 16 169 214 74 44 114 55 234 188 39 36 216 24 121 89 237 142 180 215 254 157 141 38 233 239 45 74 156 96 254 38 228 33 240 195 118 120 251 205 129
144 153 62 127 129 224 189 15 98 147 110 105 144 102 41 28 128 128 149 189 189 57 184 54 119 75 110 129 220 164 78 129 233 25 146 224 47 134 134 165 190 96 75 99 70 194 80 75 171 113 180 245 212 213 213 199 75 5 125 54 152 154 250 166 89 239 92 86 18 61
99 152 70 154 19 125 190 157 245 237 242 126 207 137 71 185 62 239 123 222 182 177 17 9 255 128 196 6 225 57 241 177 108 158 95 46 89 232 250 81 93 107 255 51 172 49 145 15 130 207 226 147 37 169 3 26 8 84 224 126 70 146 97 15 151 139 149 216 227 211
51 152 10 153 86 66 7 126 21 173 224 251 213 72 139 97 239 3 197 172 169 224 205 169 33 14 30 173 2 143 97 128 7 11 145 59 189 243 87 71 75 122 50 117 236 42 188 107 230 248 41 234 93 96 72 193 69 89 13 98 41 161 117 207 26 6 114 146 180 206
24 105 195 223 28 2 75 83 90 88 57 201 111 123 33 42 56 22 19 6 173 30 144 110 134 15 39 71 124 69 127 123 215 61 153 73 129 251 217 198 60 187 184 149 56 39 198 127 198 235 103 190 230 104 29 83 48 161 214 186 42 71 113 182 102 164 28 173 200 157
179 157 109 200 4 41 165 107 242 241 7 45 164 183 88 139 83 214 42 112 52 158 236 100 243 88 186 180 188 54 9 22 226 105 146 172 129 213 166 215 29 133 247 115 41 31 228 60 79 244 132 165 228 11 102 237 128 194 57 241 98 145 98 99 71 191 83 58 172 52
150 180 223 32 90 245 26 119 125 34 204 251 102 97 163 79 114 4 136 79 181 75 33 128 189 252 96 151 28 149 29 106 154 215 168 125 58 237 85 238 137 71 224 154 86 151 11 105 111 253 211 95 24 5 78 41 184 246 187 73 47 32 43 53 43 31 150 119 240 168
247 37 181 168 201 203 115 89 148 137 94 106 15 135 29 23 219 168 171 224 155 93 100 235 166 233 3 121 136 218 56 167 196 145 120 81 229 126 180 243 108 67 214 248 36 59 165 132 141 153 123 117 205 20 76 110 237 113 248 220 212 144 37 131 126 233 141 100 217 11
170 174 82 37 140 28 204 211 42 68 45 52 34 152 150 171 235 68 165 57 218 244 195 239 83 238 44 189 165 58 190 70 30 45 82 210 255 144 70 193 63 23 223 219 127 22 133 251 117 51 47 55 60 233 38 36 198 69 115 74 18 60 21 232 128 126 196 197 203 203
111 183 45 140 147 63 28 227 45 253 63 165 200 24 18 193 60 115 30 140 52 0 108 161 55 193 164 44 139 168 224 151 93 19 143 242 26 107 140 72 208 237 66 100 205 16 102 127 226 202 19 250 33 243 89 159 78 223 135 217 82 175 220 6 247 28 93 231 27 175
198 169 255 82 137 63 97 130 214 24 52 86 253 240 252 223 117 87 98 35 223 224 217 136 208 144 140 50 87 117 25 191 84 14 196 35 119 147 139 158 228 188 56 141 72 237 70 50 195 33 252 184 213 234 226 147 100 170 181 245 191 225 162 55 58 189 238 170 88 246
168 190 96 39 161 96 135 183 20 145 87 85 124 185 235 174 171 70 205 173 223 36 71 21 163 71 222 77 122 190 248 224 77 148 81 26 98 53 59 247 42 207 119 192 235 204 204 176 40 41 184 87 170 100 242 7 169 181 152 83 67 42 164 192 161 219 18 92 201 173
189 56 71 18 125 230 15 55 219 44 134 32 182 146 228 227 228 81 174 3 16 255 209 200 118 203 238 45 104 127 30 76 13 106 142 53 52 76 51 175 171 132 27 186 10 68 159 115 254 31 254 187 107 14 213 93 57 224 52 211 170 91 37 63 182 85 130 30 62 219
135 91 175 81 31 200 215 53 142 26 5 45 22 221 8 159 168 166 77 103 99 164 179 118 7 38 167 143 31 224 189 238 16 28 79 174 2 133 42 61 53 140 194 243 39 229 122 139 70 55 35 117 70 24 77 75 221 22 178 253 26 62 32 103 55 55 6 133 195 178
128 122 195 16 86 119 126 9 4 255 102 36 112 52 56 169 213 103 134 48 109 252 225 96 80 100 83 156 136 147 79 71 68 121 210 245 177 79 244 172 11 196 37 135 200 183 234 146 206 30 49 151 203 31 79 85 29 224 85 102 185 118 231 7 213 242 112 38 176 194
179 69 8 227 232 93 106 156 213 79 183 106 188 248 11 76 170 25 134 234 218 130 29 12 98 213 71 13 130 95 190 131 1 114 48 86 59 33 13 94 216 19 203 208 222 152 254 136 41 64 169 54 93 215 187 96 181 139 173 242 190 253 63 42 0 4 34 112 78 205
84 108 66 33 28 135 31 93 222 131 213 59 242 8 53 49 38 227 235 171 158 171 8 35 100 74 150 73 200 5 170 244 206 187 211 202 2 118 234 110 16 10 224 208 37 101 113 105 21 157 213 44 35 220 132 127 196 69 233 116 128 5 135 38 91 227 103 119 224 153
121 34 21 242 30 161 124 52 26 159 122 61 114 145 84 208 90 120 139 152 12 150 148 136 175 222 77 182 126 123 94 74 123 63 164 107 189 136 228 168 255 90 224 207 48 251 223 33 14 71 71 33 170 179 162 204 109 230 176 209 158 222 88 163 221 249 80 249 237 151
101 54 204 159 100 102 72 15 244 25 67 212 7 71 4 141 185 56 89 189 35 207 122 236 160 141 61 207 79 118 218 98 68 193 10 5 230 72 28 248 213 175 35 229 184 236 245 180 224 69 209 179 182 250 103 224 128 68 132 96 41 96 154 159 53 209 158 224 81 194
217 50 129 87 255 127 210 25 3 127 83 183 102 112 2 245 19 126 237 250 188 11 146 52 252 39 168 62 159 59 84 131 68 217 103 16 201 212 28 144 85 239 250 230 201 6 40 197 188 106 198 24 73 127 149 161 125 155 227 182 96 231 134 59 78 86 5 89 230 226
231 114 39 127 236 69 239 56 190 209 35 24 138 16 86 97 107 167 34 124 53 0 166 103 142 61 30 170 48 42 254 90 15 12 161 249 77 154 117 161 96 25 106 165 204 18 217 23 78 60 33 229 164 111 194 1 212 142 213 238 91 90 70 180 78 203 8 215 150 100
206 196 8 158 119 40 236 38 38 187 45 141 39 68 127 151 240 180 190 14 34 13 98 7 251 100 138 98 3 204 177 10 163 117 170 19 94 117 143 2 197 171 39 26 240 66 196 189 203 200 6 242 67 92 127 140 233 222 108 142 82 197 69 31 50 12 205 51 247 174
152 198 194 138 195 209 150 214 126 81 30 232 152 3 172 91 92 31 173 251 174 149 224 135 192 107 5 75 49 65 175 57 24 249 71 103 253 55 179 178 155 93 142 71 31 117 197 242 89 241 113 25 86 13 149 111 52 187 175 56 143 122 180 68 37 233 61 225 10 52
158 19 3 221 139 133 138 3 129 200 54 101 17 239 187 168 63 185 255 186 95 77 24 92 187 72 69 23 39 242 9 38 46 125 119 165 233 155 97 215 38 195 97 140 176 44 160 243 219 203 213 163 222 246 21 189 0 193 124 125 244 90 198 88 179 55 60 49 62 72
78 124 152 62 206 39 160 101 150 235 158 93 231 215 83 55 0 115 127 100 232 144 168 232 234 182 249 90 7 113 39 49 221 101 215 35 224 113 154 9 207 169 1 245 70 220 125 141 198 44 223 211 17 55 238 102 116 0 134 254 231 62 128 95 184 60 145 3 205 144
92 132 210 245 51 208 255 236 13 20 86 224 180 172 99 203 91 145 8 139 15 217 136 1 149 27 91 73 130 186 205 152 100 188 53 173 61 42 90 174 107 102 178 104 156 166 37 178 13 57 166 101 0 52 249 113 100 167 145 91 246 109 3 204 175 219 177 36 31 49
72 128 64 225 16 56 229 132 99 25 13 88 191 96 8 140 211 130 157 139 121 156 98 224 5 58 171 45 198 117 107 104 127 82 227 63 134 212 65 250 194 144 61 216 112 67 128 21 112 188 145 206 233 106 25 103 172 63 69 150 222 151 205 52 117 51 82 43 141 156
248 80 177 17 219 233 157 30 125 162 97 118 83 230 97 48 252 231 161 187 119 127 172 222 127 161 121 131 42 118 11 21 178 133 80 222 68 227 66 188 164 66 180 168 219 168 14 70 146 187 20 79 65 162 201 208 105 226 217 24 244 55 5 143 59 116 151 83 17 109
141 169 58 91 165 52 157 186 170 233 68 84 229 124 102 183 175 215 236 78 84 98 100 230 85 112 102 222 197 146 56 179 199 186 142 123 182 163 100 71 16 119 182 83 156 83 97 25 174 64 5 104 209 57 70 81 90 240 253 194 150 220 185 120 246 175 215 153 178 65
150 103 85 13 192 97 166 212 108 81 181 18 25 133 96 245 65 128 233 203 218 20 246 89 113 222 255 55 187 85 46 119 150 248 200 198 124 170 167 4 87 139 66 138 18 137 25 102 186 25 63 77 180 202 190 76 102 137 128 167 241 153 83 117 245 71 150 176 239 79
251 210 26 56 159 248 36 96 93 198 107 118 147 225 161 177 204 91 221 120 205 250 37 74 158 154 216 160 131 13 239 173 225 176 228 180 71 227 116 137 2 151 63 139 136 176 158 121 77 160 41 200 243 169 9 159 96 161 137 94 74 245 92 105 141 229 13 176 128 17
117 217 182 48 247 21 76 165 89 71 74 79 67 23 199 148 19 46 56 17 137 190 132 67 211 25 106 78 62 0 122 226 23 25 187 4 248 246 111 69 189 201 92 136 174 85 151 125 108 68 141 220 88 114 211 153 50 183 49 103 147 232 39 58 111 152 244 134 226 33
217 204 242 72 121 214 38 208 116 205 143 199 255 3 6 184 40 188 230 210 125 85 30 194 140 51 135 223 153 54 33 221 211 52 50 203 188 62 188 223 238 138 207 132 19 192 105 207 241 129 131 106 129 86 116 42 170 194 203 49 44 109 206 211 116 206 108 238 49 2
107 187 20 39 227 197 139 74 217 43 120 6 1 138 1 106 154 199 154 153 149 204 182 82 77 185 111 149 232 42 230 174 94 49 180 147 127 45 203 190 55 185 247 61 169 156 37 122 192 224 156 157 220 157 73 104 199 48 221 177 117 218 126 198 209 215 196 200 50 112
164 127 28 57 88 210 71 42 135 54 129 181 84 169 215 243 184 69 54 49 174 11 199 21 109 82 8 33 69 185 187 48 136 35 139 254 54 133 154 197 164 196 114 187 216 152 39 16 55 57 246 174 0 159 55 169 143 97 144 60 167 101 66 208 238 182 44 37 8 16
207 226 165 109 73 25 3 235 68 224 180 192 219 78 130 209 184 225 46 174 226 34 148 131 10 177 231 8 225 72 247 199 251 199 53 184 155 60 178 63 235 78 181 39 37 52 222 1 147 230 231 179 61 102 29 78 254 47 172 104 233 35 140 145 137 97 30 131 235 222
98 188 6 29 222 79 216 234 44 49 215 88 78 206 207 249 139 159 26 7 175 24 186 171 87 49 227 164 74 164 160 157 101 84 213 234 243 181 191 37 84 174 29 45 237 193 151 71 230 137 33 103 35 117 208 103 82 195 188 238 25 143 9 179 17 211 58 183 93 188
15 221 58 144 132 234 195 5 94 42 226 115 216 112 110 180 215 131 1 132 116 86 132 182 59 160 6 193 166 120 188 164 212 250 224 199 153 108 255 112 17 199 242 164 50 32 162 68 133 178 74 27 200 32 114 241 255 141 244 254 126 230 240 84 219 179 141 175 17 250
168 125 5 220 132 196 148 195 21 139 221 91 152 238 227 162 31 184 239 221 187 223 135 244 6 153 227 88 139 18 229 127 143 0 138 57 92 13 31 192 203 164 236 140 233 107 217 27 219 187 110 106 3 87 168 136 99 200 229 141 133 3 58 68 115 173 166 20 102 46
31 45 238 100 122 46 68 59 72 38 177 237 131 129 103 238 104 109 84 116 231 34 155 32 66 123 115 0 10 170 168 141 227 19 109 168 137 104 176 131 100 235 250 141 92 125 230 1 244 130 223 223 77 242 56 110 134 13 105 184 181 232 87 170 79 154 212 225 208 213
112 97 65 35 110 155 192 175 246 200 225 129 161 172 208 43 140 20 72 161 214 12 124 152 63 38 254 73 156 205 142 28 200 219 147 201 127 124 147 99 125 116 20 115 202 73 36 50 111 29 69 251 76 85 1 211 58 199 130 208 84 185 197 109 42 224 227 203 32 150
56 87 169 234 40 19 79 18 205 33 11 206 71 167 234 94 2 83 170 82 0 101 85 205 204 79 209 182 71 93 19 29 142 184 192 231 149 165 55 30 238 187 86 78 57 149 162 115 38 191 53 89 172 106 156 166 17 231 85 34 35 160 36 22 233 19 53 185 185 46
196 105 102 75 198 163 17 106 215 150 207 235 207 3 23 196 169 211 215 94 191 253 141 188 16 74 126 196 60 105 226 5 93 57 92 234 146 18 79 246 12 80 112 77 115 4 24 217 99 158 70 131 151 138 44 224 217 50 179 195 85 212 161 106 6 8 228 118 234 197
48 100 171 1 31 108 56 182 28 122 156 151 41 250 228 34 115 197 61 110 18 10 152 192 160 173 67 50 132 67 95 186 160 182 59 75 243 206 25 204 127 32 21 110 84 168 25 181 15 247 91 73 125 84 121 69 215 147 225 223 50 158 98 43 139 40 139 4 72 5
57 131 199 63 79 150 57 85 165 58 109 2 133 230 183 205 217 24 40 13 224 218 154 30 70 193 62 217 125 64 14 171 95 131 214 93 50 101 165 180 233 169 66 192 229 240 73 107 205 63 203 88 17 142 57 34 179 54 136 81 73 88 233 9 160 121 14 85 70 115
154 70 9 22 5 47 97 117 191 32 62 188 17 195 86 234 143 108 14 109 46 171 234 156 249 35 62 156 105 197 112 81 238 211 140 20 9 125 33 67 66 233 213 182 64 10 114 239 130 87 118 196 188 212 169 145 103 25 100 69 105 101 219 120 60 238 169 42 47 231
52 224 22 61 83 104 210 19 21 49 72 124 10 163 35 84 195 112 235 6 129 204 242 146 104 251 4 196 220 52 82 133 54 115 48 95 185 217 238 234 74 172 248 221 196 131 74 243 164 126 31 43 81 74 114 138 158 80 219 82 72 196 199 25 216 60 241 226 184 254
156 80 14 174 175 190 75 205 108 116 152 115 13 93 249 186 28 47 10 158 40 97 14 176 102 162 110 196 145 173 172 248 189 24 245 81 63 18 49 177 214 225 26 60 8 22 12 121 38 73 168 233 235 165 11 247 230 119 37 196 108 153 111 76 76 8 169 97 99 181
174 59 121 227 241 198 154 127 54 4 106 45 198 235 157 74 251 228 1 15 201 22 212 20 141 180 200 197 196 4 156 167 29 17 29 179 40 215 31 190 77 75 81 65 251 63 103 204 246 232 55 163 133 222 166 95 65 201 163 204 109 155 49 89 214 12 59 117 56 192
165 150 80 234 52 242 81 122 148 223 225 90 21 80 39 79 119 238 247 73 97 251 140 68 36 5 123 42 230 186 204 194 65 153 231 219 41 164 42 41 74 151 124 255 236 97 174 20 148 238 154 75 226 77 196 32 83 233 109 114 87 156 1 137 155 64 145 50 209 41
86 208 126 103 112 82 252 55 153 28 215 254 78 37 179 145 241 74 251 91 187 42 205 108 124 108 235 180 171 159 60 208 182 151 236 92 246 233 222 28 27 217 175 208 220 173 6 137 233 158 141 100 177 44 234 64 94 70 172 76 180 232 254 84 138 161 139 17 120 118
27 255 62 151 19 131 57 221 117 179 146 117 16 237 150 138 176 67 21 224 90 172 134 138 17 105 230 169 3 184 169 201 41 158 132 176 57 42 13 64 213 217 229 33 157 243 42 10 1 241 207 216 28 121 94 186 176 107 124 13 201 98 4 178 160 119 152 203 11 67
197 101 169 240 131 141 74 132 184 231 54 28 198 102 161 37 200 177 177 145 83 230 100 128 110 227 189 225 107 139 136 75 147 234 155 153 97 129 71 120 208 182 226 39 85 199 145 45 60 255 55 25 111 145 51 76 135 104 43 218 255 123 161 90 28 50 42 191 217 114
39 179 129 219 225 10 187 17 38 121 127 248 130 81 70 185 222 97 160 63 208 84 189 19 186 6 182 74 141 0 86 12 177 88 78 40 201 175 156 129 46 95 146 126 215 251 85 37 25 10 232 215 91 71 144 57 118 73 25 67 199 225 4 248 144 222 220 11 37 35
240 184 28 119 223 139 191 140 244 199 39 39 223 84 48 79 18 19 90 66 27 58 169 210 54 139 69 118 50 229 221 141 211 76 167 162 112 71 77 58 166 249 191 207 205 83 169 93 216 133 183 207 248 116 105 120 3 210 126 91 207 167 177 183 91 118 181 127 131 36
103 108 57 146 1 85 78 86 150 199 236 31 65 220 104 76 19 164 163 130 50 96 194 245 196 241 51 183 167 190 80 136 35 25 129 236 103 130 30 247 37 8 190 233 72 210 104 208 244 185 118 28 118 32 38 104 49 187 171 193 160 20 178 130 29 0 63 21 183 9
226 41 119 0 21 96 143 205 75 167 255 1 170 24 115 165 117 116 31 30 175 75 17 161 216 102 234 51 202 210 194 221 27 75 65 219 212 173 134 94 95 219 239 251 173 226 118 214 116 26 42 73 229 146 114 253 172 211 230 6 215 169 209 195 104 191 52 28 10 155
54 126 135 98 44 246 140 90 154 62 71 175 141 27 20 199 75 185 200 73 147 212 104 185 117 197 99 208 186 153 253 34 164 144 48 65 81 244 114 120 146 53 63 71 64 183 99 242 41 154 48 54 172 224 157 94 96 229 160 236 196 169 161 171 221 55 4 187 180 59
93 238 41 21 230 140 65 228 39 40 172 78 197 59 25 161 136 122 10 227 199 202 130 155 155 194 19 21 203 161 26 236 155 234 152 152 152 111 67 95 156 138 98 226 72 47 106 122 82 137 246 152 91 209 39 193 197 6 117 88 150 216 12 77 171 91 216 157 144 251
104 57 202 229 218 244 246 210 182 234 151 18 190 240 240 226 206 43 190 115 84 68 185 124 141 65 95 153 245 18 46 19 197 174 171 222 139 158 18 171 22 226 232 79 220 238 216 50 166 59 198 127 51 36 92 245 63 38 236 255 210 11 111 41 75 141 248 126 62 67
162 22 3 175 137 115 51 160 152 201 165 57 66 199 215 197 223 59 34 135 208 70 105 253 72 124 219 66 5 208 29 134 186 78 30 89 148 8 232 174 15 150 243 173 213 65 0 253 172 54 87 137 40 230 82 142 1 141 29 26 170 143 59 238 226 26 79 65 140 16
141 219 106 117 156 97 19 127 68 4 171 31 109 88 177 115 86 106 124 55 187 99 82 132 211 254 29 1 99 151 228 207 242 10 187 223 45 253 192 253 48 69 67 205 45 152 127 196 84 215 248 229 53 25 64 220 241 186 178 226 238 103 211 101 61 176 67 9 83 114
7 180 118 206 223 29 48 158 62 76 96 237 199 162 24 35 156 199 26 114 241 92 72 183 223 9 195 14 0 160 221 220 49 252 142 250 87 39 156 98 136 211 26 131 211 166 224 226 134 16 116 197 15 187 218 70 218 197 239 134 172 9 204 246 193 138 124 24 143 141
166 190 51 75 171 69 59 17 198 175 5 190 174 29 27 90 46 126 86 61 205 154 29 253 38 103 106 43 122 242 228 0 2 167 7 13 106 106 20 239 172 217 146 140 153 140 145 103 252 83 87 255 9 148 135 218 125 61 83 197 207 3 87 214 42 247 48 120 246 78
90 111 244 14 39 106 246 65 128 148 199 176 198 180 124 209 229 4 97 9 112 200 5 191 153 120 105 111 128 250 83 24 182 174 129 4 134 237 39 202 148 12 118 159 191 44 223 98 219 81 202 77 20 149 16 162 77 226 123 177 138 30 47 40 3 124 138 221 10 232
114 172 207 138 218 23 220 171 191 247 224 13 111 28 154 217 24 91 192 66 122 26 235 32 129 51 237 166 136 173 74 1 64 197 41 232 3 14 28 55 188 195 220 56 225 163 94 196 221 33 47 143 79 235 201 105 16 63 6 155 10 34 190 217 150 149 88 240 130 156
233 198 30 69 141 20 231 146 11 146 156 51 243 240 6 216 224 61 222 220 148 91 197 155 223 166 166 17 130 232 135 216 228 16 156 217 68 132 103 89 198 87 77 159 38 57 17 19 134 178 143 199 129 140 190 97 242 7 193 211 143 173 135 133 210 56 74 69 228 242
102 163 39 84 241 86 203 34 255 227 195 195 154 182 237 194 197 194 169 23 116 70 137 92 236 196 166 34 227 214 226 197 192 99 71 254 28 48 26 54 145 86 149 111 128 185 172 7 248 183 240 57 1 251 186 47 181 49 149 120 159 168 161 229 131 205 123 246 2 79
80 94 173 174 119 50 85 129 34 98 87 148 80 28 36 224 112 66 206 232 205 154 207 78 198 194 63 2 5 162 39 128 192 67 106 93 101 142 186 25 108 56 221 136 237 116 236 165 229 12 167 126 147 39 108 90 112 142 201 120 183 8 228 77 106 176 86 253 115 198
190 200 184 194 41 223 74 218 26 110 212 60 80 138 206 31 82 177 102 1 179 125 223 97 33 209 205 29 202 66 17 148 30 47 246 69 56 35 48 170 212 149 86 109 163 246 211 232 152 248 211 41 230 227 141 154 52 146 203 67 46 179 155 130 5 13 181 81 95 194
158 106 96 17 11 37 3 206 54 165 60 186 69 146 22 75 104 112 249 140 201 69 172 73 239 148 249 103 126 3 14 251 43 92 148 157 225 157 163 24 17 104 55 41 225 67 162 52 174 138 20 123 224 225 85 245 204 21 122 72 136 237 73 36 69 165 180 130 224 90
129 82 204 124 121 109 56 118 128 13 86 142 26 72 167 99 124 210 133 62 7 245 234 116 253 227 98 247 179 44 212 128 142 64 155 148 105 4 156 140 47 93 202 206 136 138 109 169 203 77 106 235 80 163 88 166 155 128 220 233 86 100 137 6 41 109 51 65 239 37
155 64 62 5 141 190 218 152 103 29 53 165 241 2 181 234 248 224 166 246 77 36 73 89 247 199 9 59 45 182 177 100 61 128 50 184 34 31 31 6 152 40 6 44 23 139 201 219 191 204 108 139 220 220 230 211 128 169 39 139 132 186 84 218 158 156 51 115 182 171
147 92 129 71 7 176 97 148 129 251 223 66 181 9 31 239 19 106 44 174 126 19 212 6 26 131 147 17 59 100 198 209 233 81 133 146 50 46 2 227 241 5 255 181 240 62 92 93 58 97 118 17 110 238 112 57 72 60 156 146 136 251 105 189 180 105 245 155 30 69
78 8 4 239 108 104 29 24 111 86 46 116 57 29 212 194 227 44 10 132 72 74 99 4 74 100 143 2 43 11 226 152 98 178 156 183 66 54 52 2 23 138 104 230 8 103 163 84 88 18 226 107 237 14 245 48 40 37 204 216 217 238 232 227 252 161 223 172 215 140
156 49 40 209 242 126 145 115 116 94 204 43 194 237 98 238 115 14 158 179 93 243 138 36 149 62 156 80 75 112 42 105 29 113 120 234 56 102 58 26 95 97 3 207 140 120 79 133 21 207 130 164 125 163 234 122 44 231 4 193 200 247 67 200 103 146 70 14 124 43
223 205 62 162 95 14 238 172 243 99 145 169 33 159 41 191 184 144 82 9 120 134 67 69 34 193 121 230 158 8 145 140 161 73 128 249 102 95 179 228 175 184 51 98 215 68 223 59 246 87 250 225 41 207 55 132 156 28 96 36 226 8 206 159 74 66 213 41 154 32
30 243 6 93 36 193 205 131 213 45 20 175 65 207 177 190 209 72 226 57 140 229 153 101 100 245 191 126 190 39 1 22 31 185 219 60 142 41 75 149 96 175 186 65 127 123 246 116 79 161 245 72 93 157 87 59 60 91 50 11 142 43 87 18 38 15 71 2 20 53
147 24 111 10 146 226 238 145 246 181 138 197 120 217 149 243 159 190 37 64 159 97 88 174 126 184 229 162 74 247 179 4 118 179 109 167 130 187 145 234 148 114 149 59 137 154 250 196 7 230 241 35 131 178 80 241 133 49 143 112 190 181 252 5 199 134 55 46 217 172
254 86 52 248 139 222 25 113 128 92 135 74 213 206 156 113 252 244 124 102 216 218 164 157 12 132 158 213 164 96 52 148 9 129 72 201 80 64 182 67 79 20 61 244 58 128 37 130 239 104 251 18 14 10 97 176 159 227 72 175 200 228 33 98 171 26 225 211 240 221
134 235 38 190 222 208 62 10 98 191 156 23 241 173 161 194 2 197 29 125 73 97 134 149 235 241 179 205 224 251 250 8 40 213 180 250 34 238 117 101 221 194 155 155 210 115 205 52 184 110 148 166 65 123 16 230 72 165 238 130 62 138 228 104 106 193 33 171 214 59
128 27 136 159 237 237 193 83 194 188 137 35 184 2 90 248 98 95 210 222 132 163 25 5 226 126 210 185 60 31 215 168 138 121 71 35 48 51 3 107 49 133 63 173 9 209 190 82 194 205 120 144 36 71 133 244 220 149 236 231 126 173 6 76 111 10 212 53 20 24
56 38 181 73 131 114 93 207 138 15 128 41 160 49 67 30 192 114 93 97 46 179 245 125 121 207 79 222 180 251 71 5 207 48 162 178 123 47 201 79 248 14 76 247 34 188 123 148 36 182 103 11 23 28 132 222 194 3 230 193 168 42 50 221 43 166 166 206 178 145
27 50 151 56 16 18 37 235 36 182 238 221 162 105 195 2 59 57 97 72 195 37 253 203 38 141 73 42 130 192 86 212 36 157 57 165 135 87 147 109 200 140 238 216 17 15 221 215 48 163 172 203 181 198 43 167 57 77 158 138 186 33 177 254 218 71 163 254 231 221
135 3 140 41 115 210 157 112 210 129 169 128 218 167 239 127 36 123 60 77 213 238 175 130 127 64 23 26 33 94 232 193 42 203 63 91 68 11 224 245 111 187 138 116 147 255 241 217 134 111 50 174 114 89 18 12 173 78 228 147 78 41 23 205 203 208 105 29 236 159
236 97 22 49 229 1 28 22 251 211 54 77 67 39 184 248 233 222 210 19 46 50 52 92 245 36 1 165 196 159 180 114 10 152 211 202 66 66 149 9 2 204 18 107 107 112 170 81 112 54 216 239 177 96 77 27 6 112 26 209 50 105 17 240 212 255 223 104 246 18
117 226 61 161 254 16 4 23 209 189 3 152 209 231 206 99 155 199 236 223 105 180 230 255 21 140 255 145 223 18 15 165 0 140 39 68 120 65 73 24 149 34 222 45 244 146 24 89 12 119 62 13 108 166 41 108 120 110 93 125 221 78 138 243 84 205 28 114 175 133
107 161 186 236 162 123 187 71 143 181 46 44 213 76 192 161 20 229 190 113 33 254 218 64 252 222 153 250 105 59 42 32 102 244 48 82 186 144 129 91 30 235 212 70 255 130 100 146 117 196 30 161 162 74 115 137 10 139 8 179 223 18 188 188 139 213 212 143 90 77
241 8 31 3 9 89 139 147 184 114 57 22 249 67 102 110 183 238 145 77 46 182 203 115 72 156 60 120 197 33 189 253 25 33 73 196 159 62 56 200 47 73 137 247 131 32 159 184 178 121 200 7 41 4 109 207 118 160 51 163 116 51 134 255 135 233 0 178 185 222
114 148 71 56 160 42 141 165 3 78 195 116 8 61 230 173 122 242 248 41 177 64 1 159 183 180 46 220 193 101 148 232 142 239 6 130 71 141 172 86 102 140 37 7 232 204 157 182 172 154 210 182 72 210 135 238 250 96 82 79 72 49 51 61 88 238 118 148 187 50
0 157 243 51 100 77 84 168 139 236 125 39 42 37 33 4 48 251 13 113 14 123 143 215 199 15 5 231 79 197 157 97 49 104 70 212 163 149 87 19 213 179 188 112 149 118 193 169 86 246 109 201 30 252 198 103 175 172 213 191 250 185 184 71 16 64 98 28 247 66
86 36 98 35 222 161 23 20 108 39 230 232 251 107 214 115 151 241 93 181 179 39 235 132 116 187 66 155 250 96 202 141 222 2 250 132 234 179 121 246 48 145 164 217 27 232 181 134 98 66 6 74 36 165 154 25 78 80 92 80 253 248 37 222 249 9 43 102 108 133
46 61 104 133 243 151 149 250 16 137 192 174 198 185 3 37 238 238 23 240 99 125 147 233 222 41 196 150 235 163 254 74 190 203 79 232 233 162 231 209 31 114 135 181 71 232 105 14 29 149 250 49 47 182 104 130 167 97 121 169 28 69 55 50 227 16 255 159 196 171
33 222 143 77 2 240 130 41 130 251 76 226 244 77 132 89 30 108 240 130 194 120 171 231 54 59 108 53 134 73 105 58 181 7 98 173 179 38 17 90 113 63 177 108 111 109 236 110 185 47 244 202 229 173 186 204 33 109 59 22 168 135 70 40 225 34 44 232 26 152
248 238 29 33 26 205 45 113 59 243 105 76 92 85 102 85 89 46 35 225 14 29 141 102 54 203 247 76 6 209 26 90 2 116 14 89 140 128 47 179 148 72 230 147 153 237 193 51 28 238 213 111 159 109 16 156 196 184 115 50 119 19 250 121 217 19 183 234 236 102
160 24 90 249 195 174 13 133 28 53 83 28 144 170 37 128 13 248 215 74 93 125 207 154 17 152 46 253 105 4 88 196 10 187 31 240 180 25 58 2 131 231 51 242 209 120 224 117 33 51 185 255 51 35 108 119 217 253 28 184 209 252 8 7 107 47 83 27 58 153
115 199 94 18 57 75 184 33 13 173 123 165 139 240 177 60 41 233 232 217 165 33 247 87 99 147 208 97 65 120 135 118 133 75 222 78 84 20 140 161 102 188 250 42 231 251 223 114 36 226 47 90 147 23 181 155 146 58 218 139 194 152 24 115 163 187 239 228 199 23
11 75 58 114 246 96 103 150 139 154 120 235 146 150 230 60 64 246 110 223 157 206 32 172 122 47 24 79 209 170 174 241 74 155 210 120 65 186 242 139 247 137 30 221 105 103 138 114 92 2 129 213 122 41 227 106 196 212 75 109 136 207 65 199 128 192 209 4 43 189
245 205 149 81 250 72 153 60 248 168 50 27 78 45 177 24 124 39 37 61 114 62 210 46 251 28 53 206 40 104 145 85 244 126 144 253 204 39 159 68 30 196 246 181 227 9 3 94 95 111 26 76 149 87 163 77 162 215 7 152 231 189 30 163 119 202 70 183 97 0
76 238 64 226 189 49 164 101 97 149 213 226 202 207 141 19 11 235 128 65 124 124 235 229 74 43 86 113 29 133 55 253 92 100 79 111 211 194 105 160 116 12 115 137 37 28 37 147 207 94 177 246 82 29 175 41 252 123 150 207 230 145 16 21 92 71 152 239 83 9
65 235 115 31 68 0 216 102 255 235 149 68 165 158 0 165 225 169 232 130 214 83 157 7 184 158 164 102 154 178 246 51 120 216 0 177 57 67 229 193 183 237 76 124 44 42 82 157 84 33 200 47 19 26 14 18 17 164 120 217 164 105 225 224 64 49 210 189 76 185
85 232 162 17 182 61 193 232 157 143 138 223 179 64 186 97 255 187 238 219 34 30 67 134 170 59 90 95 152 154 73 177 157 180 13 221 248 242 157 88 29 80 105 43 203 191 241 50 147 229 4 105 42 49 3 215 95 41 48 164 16 224 181 201 146 106 82 155 49 198
122 72 80 29 63 36 125 23 24 131 222 138 196 4 219 128 41 124 206 156 84 114 236 117 21 245 234 32 54 178 78 251 46 35 194 78 235 114 164 176 98 141 72 162 22 133 64 180 198 112 246 38 92 68 144 11 66 190 144 233 31 19 207 39 225 58 57 78 114 26
132 80 169 112 184 182 104 47 53 176 113 66 29 129 73 153 234 216 190 224 23 75 233 215 203 136 58 112 99 42 191 126 145 44 103 15 168 224 110 216 53 163 196 98 253 32 255 197 63 63 245 157 217 145 210 83 69 72 122 76 147 38 58 126 171 187 244 163 71 154
152 67 56 139 87 216 67 191 138 62 95 190 238 69 120 207 5 142 49 1 68 90 202 107 11 238 248 246 230 217 9 166 176 105 29 121 90 71 73 72 209 147 150 73 54 72 15 2 155 233 71 237 123 41 159 45 201 244 178 101 13 137 54 42 143 225 230 53 187 147
222 229 179 229 121 153 253 214 116 203 140 184 71 228 101 250 248 29 20 104 89 210 235 179 87 29 48 38 221 220 187 77 146 226 250 76 28 121 136 245 168 6 202 98 71 82 163 156 150 97 8 226 190 151 100 148 151 26 152 75 9 171 18 248 224 39 238 253 248 173
127 227 49 237 187 39 61 29 226 106 196 242 151 194 78 222 172 38 82 106 124 168 198 242 58 250 222 98 158 220 157 229 133 197 160 162 130 4 245 72 182 244 226 202 19 122 147 180 6 162 83 78 164 102 89 66 26 146 48 11 213 71 219 136 107 62 94 175 112 182
10 88 21 255 82 145 135 126 168 111 180 142 168 84 143 83 26 86 49 231 196 43 245 163 5 212 169 80 8 191 167 8 169 216 150 154 80 214 177 24 204 48 11 254 206 240 252 158 66 193 241 224 71 1 27 130 48 39 214 94 238 12 154 238 50 92 109 123 106 73
100 183 69 221 223 40 147 73 3 160 242 172 141 18 153 231 236 77 20 232 95 186 180 27 175 175 129 227 86 202 8 208 153 176 82 93 213 35 161 211 204 127 150 86 167 93 185 204 52 75 157 50 140 46 233 12 35 187 199 42 52 167 13 17 252 162 45 61 37 195
236 218 42 10 35 171 106 16 176 119 129 195 217 203 126 214 37 192 3 178 89 73 30 132 174 231 47 8 132 196 183 121 93 244 57 136 66 244 188 169 184 160 137 166 61 72 38 242 127 167 27 106 149 187 199 66 153 62 68 55 222 77 25 125 96 32 151 104 12 247
9 97 21 129 194 35 184 199 158 111 42 132 243 66 49 40 92 84 241 193 29 206 136 234 175 114 202 247 37 246 252 200 157 10 178 189 33 105 59 122 227 11 178 199 10 100 250 123 70 33 161 81 95 77 165 120 241 59 192 134 199 219 219 133 94 252 69 79 181 50
220 196 87 224 210 122 202 216 167 253 73 172 101 243 144 251 176 45 37 17 17 225 177 122 202 193 175 79 184 78 240 121 227 25 24 126 50 128 254 71 23 78 214 180 141 113 8 0 178 159 31 189 142 42 254 174 196 232 169 175 223 90 68 69 41 52 235 209 86 128
179 43 20 3 213 227 220 135 210 169 243 199 35 229 71 208 200 209 22 245 26 93 96 38 44 221 231 78 246 187 2 41 50 130 8 42 61 45 98 13 140 182 129 131 69 101 112 19 210 233 201 157 218 8 239 72 239 58 85 18 142 216 86 81 82 10 87 223 125 159
77 103 61 12 223 242 73 102 186 60 146 36 129 79 246 143 231 23 12 161 158 166 178 66 81 115 45 225 88 75 34 230 96 44 149 214 207 237 131 239 139 217 242 225 27 102 87 121 9 209 183 184 66 107 13 101 2 138 203 254 221 175 29 178 97 157 1 118 40 45
61 196 74 108 121 171 174 0 255 135 105 140 213 147 140 92 15 86 133 138 208 42 95 155 220 154 174 39 88 155 204 4 215 162 8 200 66 48 161 234 200 90 91 240 44 59 160 205 53 86 184 46 115 91 31 213 204 130 215 150 57 20 172 140 161 80 252 96 20 243
197 155 170 168 38 99 236 208 130 179 171 96 118 4 94 66 73 211 78 193 239 250 188 173 225 181 161 104 53 143 39 17 55 123 163 242 205 230 198 217 128 246 201 238 130 47 142 92 211 25 225 76 47 213 8 6 254 54 143 81 91 38 183 122 87 152 176 17 194 182
105 150 141 106 23 194 195 215 184 195 154 167 223 141 85 177 107 166 138 29 50 113 163 127 11 153 166 158 238 179 13 202 33 210 182 192 253 86 141 163 119 137 80 58 116 4 87 169 128 244 68 117 200 3 110 119 159 6 137 15 135 30 191 114 88 23 227 221 14 64
100 187 184 40 80 191 124 105 100 118 82 19 141 106 88 249 188 194 91 60 134 169 246 12 113 242 60 121 138 156 127 171 40 3 233 27 96 241 134 108 17 71 185 189 88 71 61 12 250 204 202 249 160 163 29 171 167 53 247 50 31 202 105 202 207 82 217 22 32 94
40 175 231 223 182 202 88 243 51 26 252 196 1 207 255 251 69 166 168 132 174 36 9 139 230 49 183 70 119 62 64 104 203 250 97 102 195 224 79 79 194 242 169 144 200 252 32 244 40 148 175 44 64 82 70 30 255 170 40 36 132 251 239 3 142 43 152 74 34 6
236 150 209 17 93 210 4 200 175 181 102 219 230 199 56 89 210 234 165 73 111 151 18 82 235 81 195 29 141 28 25 5 49 76 248 255 140 26 202 164 109 241 45 192 161 26 88 220 118 174 147 14 52 40 237 156 38 20 132 30 137 192 125 85 3 213 52 144 71 191
239 198 161 225 16 177 111 142 103 157 155 184 61 33 134 76 44 111 215 96 239 109 170 221 182 255 245 176 225 3 31 187 186 80 53 170 210 212 217 215 245 243 186 165 147 164 99 214 92 115 109 244 100 63 173 171 238 111 70 216 124 68 25 217 183 235 182 47 148 124
137 103 127 228 67 183 201 192 239 189 215 120 232 70 4 223 197 131 144 222 32 197 148 112 26 35 254 228 221 46 15 19 130 98 144 39 236 146 9 1 205 25 32 64 217 126 130 214 33 192 78 214 249 179 64 97 4 75 143 70 249 152 217 193 176 103 46 163 174 166
32 156 165 13 233 200 81 10 139 76 30 115 207 51 27 37 138 64 84 102 211 166 161 242 249 33 50 117 1 17 182 209 249 232 51 59 235 159 209 26 101 191 50 242 226 159 221 242 137 233 245 72 135 86 238 112 168 139 97 123 237 239 29 12 232 69 132 46 0 181
76 180 94 115 23 238 56 245 238 133 33 254 97 42 39 97 51 127 76 152 27 15 220 165 38 241 123 161 122 142 76 247 180 156 238 128 186 36 210 34 141 233 35 85 251 58 151 106 139 211 164 8 122 52 172 71 239 216 225 209 194 184 22 171 225 149 174 31 242 184
103 125 87 253 32 76 207 43 236 48 21 61 64 0 226 149 134 176 249 176 21 17 122 190 138 39 252 217 196 153 203 86 253 34 89 220 183 234 86 32 153 103 27 253 182 168 198 20 138 223 94 208 235 255 235 114 165 151 143 69 19 6 133 168 47 187 18 19 160 213
118 80 176 122 180 188 114 152 133 175 70 166 63 196 229 238 241 114 62 90 196 136 23 220 107 219 231 185 116 124 24 59 236 161 205 208 51 174 47 59 155 144 35 34 139 13 184 131 50 155 203 76 177 218 139 105 132 43 106 56 24 72 111 5 36 52 122 8 118 89
236 39 5 77 246 249 227 16 154 98 50 193 171 172 161 82 223 54 68 115 109 76 214 237 32 110 152 186 56 80 123 70 100 198 252 71 124 211 103 84 191 253 82 20 152 182 159 227 3 92 77 252 21 157 201 88 174 95 143 244 152 103 88 93 124 41 55 235 49 114
158 202 91 245 188 98 78 138 17 31 239 255 231 18 226 166 19 16 60 47 147 183 120 129 245 239 96 0 232 110 192 29 56 119 81 129 188 217 200 23 245 204 206 188 91 93 2 94 85 81 180 116 251 15 117 159 24 50 103 147 76 99 154 94 29 75 40 150 77 252
130 152 164 136 176 154 75 42 140 68 138 53 80 134 54 118 221 251 87 182 76 225 83 132 181 182 215 3 47 50 20 22 190 117 96 97 251 22 250 124 58 88 146 82 160 147 200 30 174 206 238 69 124 3 156 10 241 143 104 196 177 219 92 246 112 41 49 26 61 187
212 246 239 44 179 169 47 8 246 158 11 0 225 59 11 72 83 8 59 131 165 233 126 198 83 144 248 181 132 82 71 235 5 165 20 145 79 122 44 196 14 186 11 155 191 107 217 58 207 185 26 205 39 119 205 183 116 178 71 233 212 250 88 62 87 184 238 229 250 252
69 121 20 23 125 90 28 42 237 61 239 65 13 29 105 98 122 160 101 0 155 46 66 81 226 76 127 143 79 237 154 240 242 136 134 143 163 92 161 62 143 0 133 115 35 104 5 233 84 94 25 85 134 202 245 249 184 156 184 188 99 30 111 183 141 155 4 240 201 122
11 54 235 19 138 79 143 47 65 73 91 101 165 199 228 8 178 239 31 64 37 43 73 37 43 11 148 51 21 226 10 17 204 234 180 113 184 63 82 181 9 148 105 29 194 174 8 114 29 254 150 241 244 102 14 253 116 183 219 251 239 6 250 27 1 42 81 84 67 18
201 85 110 200 148 114 6 216 234 137 16 235 97 114 8 228 180 71 176 166 81 143 252 207 232 167 93 29 151 163 180 96 119 174 213 187 29 191 43 228 82 90 22 228 92 110 233 49 198 165 206 63 254 104 161 152 173 85 218 60 177 101 84 127 128 49 60 192 83 28
177 130 254 221 55 86 78 212 180 167 7 238 127 44 250 22 15 97 213 38 142 225 118 113 98 170 9 164 245 139 35 178 141 23 215 164 144 158 55 231 86 181 211 172 56 238 16 28 194 147 193 68 39 211 116 144 229 216 13 228 181 58 54 81 139 49 23 255 34 118
63 219 62 201 196 194 49 148 140 106 217 234 15 21 147 131 185 5 59 252 123 9 168 97 52 166 180 6 73 183 123 19 125 96 19 101 236 149 109 69 193 231 141 51 204 171 51 168 94 200 0 18 4 192 18 225 149 186 221 217 136 190 41 84 150 111 139 231 38 151
90 99 179 48 80 103 209 203 92 236 103 255 154 218 9 176 234 231 75 136 144 54 236 104 215 27 167 155 196 234 215 33 35 148 26 125 42 74 178 62 188 239 156 150 44 248 205 123 59 162 164 42 162 100 63 210 43 176 42 85 81 163 204 143 140 218 247 159 149 26
19 165 44 56 80 157 123 26 52 244 116 0 178 166 4 167 107 232 247 16 96 129 186 253 250 113 203 69 32 29 156 199 29 113 165 232 242 54 115 70 131 54 45 30 12 200 251 67 55 152 222 207 50 96 13 42 241 131 218 144 248 217 149 57 223 190 204 219 204 211
170 193 140 218 129 82 36 232 228 63 94 74 154 70 108 197 180 108 41 193 19 149 129 35 195 67 244 184 107 209 102 5 127 105 32 74 97 210 206 250 32 202 174 206 12 149 243 14 54 213 157 130 58 133 109 234 178 185 243 115 29 230 222 145 86 196 226 176 2 11
87 91 48 180 233 62 4 150 80 215 76 254 210 187 210 94 44 115 18 132 174 153 108 81 138 39 132 3 47 81 129 175 254 42 31 182 222 227 69 128 57 253 54 126 31 31 60 47 164 186 33 117 126 155 75 155 62 206 199 76 166 38 183 103 139 247 93 189 231 49
8 67 111 197 156 241 246 127 126 184 236 149 150 231 67 129 99 128 20 59 174 98 108 181 201 220 9 206 224 197 58 42 147 224 51 137 19 216 255 124 181 112 7 40 148 251 63 43 227 214 99 49 200 128 29 39 167 201 221 89 254 243 36 29 56 176 85 195 74 230
226 164 8 40 114 166 11 113 107 196 201 139 17 219 224 34 253 91 170 13 240 122 216 201 68 210 55 87 25 139 10 33 92 82 80 164 229 242 119 14 15 188 135 182 119 41 35 206 189 229 103 112 102 64 83 235 75 190 110 140 156 146 215 238 176 176 174 114 183 41
99 22 161 0 206 41 51 173 61 84 26 59 21 233 170 37 85 118 41 104 178 72 55 59 89 152 110 191 223 94 84 71 161 126 13 182 0 100 252 227 238 65 97 215 108 103 40 146 201 232 91 215 2 223 179 127 83 158 4 203 102 199 153 128 80 219 136 61 29 177
106 225 228 122 163 37 252 201 197 220 21 64 163 29 9 132 138 130 76 194 222 196 242 111 120 111 253 242 163 20 154 33 222 66 74 220 122 112 109 192 155 121 105 120 185 1 89 246 50 116 216 253 158 96 57 150 121 77 222 158 188 64 70 123 132 194 118 0 56 108
14 62 125 165 199 245 142 8 210 251 130 2 64 144 158 250 173 39 30 6 172 3 234 197 87 51 37 116 110 159 42 0 195 13 230 5 81 9 164 59 186 225 242 151 12 23 110 239 46 98 87 21 48 169 251 125 213 11 139 92 137 252 134 176 150 64 229 180 86 40
39 122 11 204 184 144 60 144 79 152 76 92 43 150 186 158 243 203 251 44 200 124 9 231 225 8 109 96 10 20 93 255 95 94 29 154 64 238 198 14 201 156 211 102 12 150 16 194 23 123 77 193 44 39 138 207 55 198 179 1 11 77 8 62 70 36 236 14 8 212
142 82 5 133 59 162 163 173 195 19 105 104 2 160 72 213 64 231 151 216 84 133 208 111 60 25 245 253 190 180 196 195 157 103 195 251 5 221 106 77 120 7 60 130 28 163 196 33 252 66 223 197 229 217 18 102 243 145 128 77 97 22 208 187 118 34 249 71 41 120
177 200 220 37 43 126 46 22 225 54 151 34 219 41 147 247 249 35 111 14 75 200 215 166 230 75 175 182 165 124 58 204 95 156 132 10 53 145 88 191 94 124 228 62 64 233 82 182 44 227 231 202 109 213 64 217 47 204 37 214 172 93 193 111 84 95 245 167 97 62
86 22 133 173 94 75 57 163 155 225 79 128 192 15 230 168 162 149 105 255 60 205 134 72 98 230 127 111 150 227 250 38 243 120 159 136 221 65 144 46 137 186 176 112 183 168 132 176 229 114 148 18 114 76 135 181 134 120 185 37 224 147 218 77 223 64 133 172 124 152
34 189 156 189 5 31 234 249 24 189 3 138 37 197 132 191 73 42 75 202 99 1 213 28 240 24 202 107 207 37 190 242 240 242 79 82 237 253 107 201 54 234 87 222 71 59 240 225 62 23 244 133 75 103 215 252 127 199 174 115 101 224 150 77 174 219 140 211 81 64
43 92 29 18 218 135 26 177 88 94 43 175 226 190 197 248 56 23 37 19 249 182 241 178 123 180 156 30 18 163 146 21 157 26 123 214 215 134 147 205 202 3 244 215 97 205 156 120 115 80 101 119 160 241 39 74 112 128 37 61 154 68 72 33 14 240 238 235 227 146
9 28 58 5 133 44 250 148 107 231 232 222 228 157 197 111 109 164 137 163 139 1 147 73 16 102 143 6 198 46 195 25 119 43 86 179 245 189 120 182 93 121 169 251 3 160 235 50 102 243 155 242 16 179 122 135 35 87 195 219 175 237 23 109 122 62 222 46 43 30
228 105 129 61 210 183 222 40 80 183 195 187 202 57 55 8 214 194 121 252 53 134 119 240 122 105 65 39 63 195 143 232 92 129 108 251 193 108 117 121 226 38 182 110 51 164 115 94 43 236 53 17 149 97 122 232 123 152 164 71 165 245 90 174 111 177 113 211 74 39
65 32 247 185 75 54 207 138 29 67 168 225 31 144 171 195 171 52 220 148 216 233 151 19 163 243 166 251 94 137 110 206 7 223 166 96 135 136 137 60 171 59 212 63 65 57 83 233 141 143 254 177 206 60 58 119 50 75 249 84 8 2 37 23 110 131 11 199 106 221
6 197 36 49 95 17 195 130 139 8 143 22 154 227 197 106 73 10 30 249 240 65 96 175 60 204 2 62 47 119 150 224 204 40 165 189 69 114 185 80 188 137 11 151 146 70 208 174 60 29 87 79 37 149 157 61 218 74 229 7 204 163 112 107 68 86 219 129 42 91
225 189 78 118 28 117 43 184 147 35 225 77 118 94 218 114 205 238 175 222 244 108 57 181 19 226 120 122 139 224 103 151 153 106 23 227 61 210 154 126 185 102 213 177 241 12 230 8 98 144 210 245 216 17 19 201 74 230 143 186 240 137 113 69 12 146 234 141 245 115
134 122 229 95 81 156 78 78 78 221 98 131 44 0 175 135 124 185 179 197 45 252 52 28 84 129 69 169 36 206 16 6 80 223 220 24 31 167 167 123 38 176 195 7 107 50 173 242 195 4 39 157 138 160 52 229 215 131 3 123 102 87 167 26 83 160 13 62 249 97
43 102 132 6 111 200 254 44 4 219 3 64 62 224 107 92 96 179 67 113 162 139 210 193 233 16 101 243 230 23 98 180 229 101 6 89 135 49 104 132 255 21 124 2 73 212 143 61 192 181 71 165 97 6 8 103 113 151 254 87 67 101 173 209 54 250 170 196 160 157
84 93 164 75 174 35 41 243 62 194 191 168 167 66 64 135 13 247 182 221 147 243 39 231 132 240 231 84 192 111 92 106 193 157 233 37 255 78 197 59 252 210 158 142 242 2 188 104 51 73 250 160 97 82 230 62 97 183 253 123 98 202 222 154 200 125 204 69 175 92
149 212 248 210 47 232 121 2 71 211 239 53 79 133 19 7 251 38 189 194 162 71 183 179 36 214 79 7 119 146 201 95 99 90 83 126 233 156 26 67 37 233 166 196 151 33 24 168 230 98 19 48 136 196 215 188 228 25 196 178 178 89 81 37 69 104 49 78 134 17
4 175 75 2 81 49 7 176 208 179 209 38 147 121 133 221 243 3 240 114 91 35 87 162 137 51 52 18 246 191 69 102 184 36 246 84 238 232 93 24 91 54 197 96 87 61 141 128 155 200 0 11 41 167 42 28 116 250 43 68 253 159 103 159 6 174 175 83 115 92
207 35 83 149 251 169 8 144 198 250 104 221 154 168 17 150 28 125 216 4 47 254 205 193 50 71 219 56 103 132 130 133 7 204 106 97 243 180 162 230 91 215 11 183 151 219 161 77 216 100 94 230 163 222 190 74 115 102 75 42 253 231 68 84 162 244 65 2 47 236
216 43 44 76 200 154 106 225 229 116 155 239 83 67 202 74 103 205 144 225 69 72 0 97 188 210 71 51 81 226 206 149 33 116 8 200 31 114 219 12 132 216 198 112 207 242 168 2 107 177 53 13 217 45 207 251 116 1 147 70 108 70 40 24 92 252 31 198 202 82
88 156 178 169 113 100 244 151 12 150 212 15 61 254 42 154 93 78 82 148 73 58 178 53 145 204 205 228 96 22 146 52 106 121 69 3 130 162 174 248 157 63 82 207 36 179 145 224 7 215 181 209 179 180 71 99 196 120 159 242 2 142 154 101 129 235 104 26 202 80
206 183 99 25 48 191 44 218 5 4 32 22 151 82 78 107 215 2 79 142 42 62 149 85 180 253 242 139 84 240 11 94 208 173 199 12 16 144 199 227 189 188 107 190 65 249 178 16 198 7 50 64 141 128 15 64 37 6 230 172 232 180 193 202 234 85 36 9 167 45
179 121 8 184 116 187 251 84 8 156 0 31 150 172 241 75 116 84 109 181 5 219 122 206 18 140 177 120 233 10 216 8 157 171 90 136 95 203 47 85 95 93 242 210 221 226 107 169 144 132 203 91 44 163 136 68 209 112 175 29 98 181 249 144 12 234 15 110 207 193
37 23 130 255 9 157 159 152 218 75 205 23 198 218 11 244 105 132 105 184 168 126 156 170 14 154 239 69 244 42 51 120 56 159 28 27 89 234 165 40 52 165 113 169 106 46 211 248 104 82 107 220 38 255 144 41 46 67 114 240 161 34 195 159 2 56 195 98 249 131
55 117 199 137 17 103 155 205 196 167 239 132 244 90 98 173 190 45 104 188 137 65 246 197 16 241 2 32 50 101 166 21 135 225 78 68 29 132 47 52 216 172 117 11 220 53 16 182 198 229 89 26 52 168 159 221 2 71 252 244 63 165 213 169 207 196 101 69 30 116
254 192 163 178 244 102 71 183 176 78 234 45 160 178 119 63 165 127 74 62 103 69 228 231 89 71 177 86 149 241 59 214 78 93 28 219 41 22 4 250 57 99 92 27 204 207 17 29 13 99 114 187 145 77 10 166 52 69 85 21 77 26 23 20 248 255 40 235 51 97
232 209 152 7 150 199 4 7 194 179 183 128 178 162 55 71 176 134 77 170 245 37 191 8 232 167 60 176 255 64 176 121 242 231 10 167 154 37 108 55 43 20 127 43 160 154 163 31 185 230 6 109 176 70 93 89 17 204 246 158 166 240 23 213 135 241 172 119 43 187
83 101 3 74 188 61 236 192 69 232 105 156 222 16 63 23 201 43 247 221 34 240 255 78 56 132 20 180 41 12 255 223 8 131 14 24 186 17 18 180 194 133 165 194 42 221 71 231 4 40 197 219 54 50 245 53 38 174 173 91 230 223 105 113 254 49 234 36 214 65
95 1 187 75 163 9 180 61 88 176 41 159 58 104 191 142 249 40 6 1 224 40 229 204 173 78 156 213 208 65 203 234 55 53 176 218 77 11 245 104 92 151 212 184 154 71 211 181 82 78 7 32 180 243 245 236 182 227 174 253 138 62 199 237 180 67 86 38 211 6
39 231 59 90 248 123 137 208 237 58 175 94 193 208 200 234 92 138 83 3 17 75 89 113 42 33 171 243 60 25 34 68 224 232 192 45 246 104 199 153 41 15 28 88 185 47 198 160 198 205 108 193 40 11 17 136 139 234 25 149 68 199 49 47 225 102 171 123 140 187
129 111 215 139 224 152 97 3 244 87 169 135 55 231 205 169 10 254 170 208 138 34 21 148 235 46 202 10 135 234 181 84 78 227 102 231 3 105 46 35 91 15 9 170 150 169 164 233 189 207 13 30 49 7 160 110 143 122 97 168 185 42 169 244 219 185 102 12 224 22
107 22 21 186 102 239 91 159 82 86 110 38 170 58 88 23 46 233 165 205 133 219 69 10 212 54 88 99 164 98 115 235 58 50 146 92 176 123 90 98 102 81 137 134 20 135 97 248 213 56 240 182 161 145 171 147 41 32 205 194 87 69 84 152 32 206 170 247 40 65
230 56 56 190 55 165 108 108 132 88 248 131 251 40 241 191 69 47 7 203 103 158 122 103 87 136 65 100 120 222 90 228 233 127 147 190 205 242 5 59 145 131 66 241 124 205 175 128 100 83 50 213 148 24 25 74 170 28 219 209 135 113 164 223 111 124 173 238 143 98
210 216 84 108 22 23 11 139 221 102 144 36 191 177 92 118 95 124 155 197 239 18 165 246 176 242 166 174 198 110 23 71 10 181 242 232 249 179 155 119 212 156 181 86 57 37 121 160 114 21 32 88 95 248 168 68 42 88 32 252 40 219 49 142 131 34 255 253 160 9
24 146 176 153 226 232 90 5 239 182 52 51 96 233 149 173 166 47 64 215 1 159 251 109 174 27 89 240 159 188 189 180 187 131 79 239 67 61 153 226 73 218 51 71 11 25 85 197 181 102 21 8 157 140 110 72 201 183 41 241 22 67 67 92 181 2 246 221 231 168
126 116 139 175 145 228 196 230 21 232 151 123 246 207 176 196 4 220 243 55 74 80 68 2 202 113 42 228 50 24 235 54 250 68 174 41 117 148 29 78 64 77 255 63 115 12 132 57 209 46 172 106 81 207 68 219 232 47 85 135 56 188 219 151 200 54 143 245 51 175
134 77 170 120 40 95 204 38 64 105 8 16 107 39 160 82 228 171 217 60 23 74 163 216 69 79 143 208 144 190 122 117 75 6 79 207 29 166 126 177 47 252 108 212 201 17 190 106 239 38 240 105 206 195 230 211 130 65 212 60 102 184 254 139 201 215 82 178 197 116
254 16 74 72 67 96 100 128 139 190 24 130 215 60 57 91 101 233 139 77 208 5 239 74 230 9 154 148 48 73 54 11 99 123 136 238 202 130 66 96 173 20 58 224 90 66 27 51 1 163 83 84 86 37 168 186 159 10 142 197 119 58 226 34 235 83 101 208 116 189
102 183 192 5 251 228 111 129 59 152 238 1 164 27 255 220 188 136 215 246 207 221 97 195 99 80 18 137 114 104 177 40 225 62 248 30 118 45 202 11 112 3 242 177 34 102 223 46 71 78 44 80 230 53 31 127 213 28 35 71 72 110 94 91 46 234 211 228 29 147
212 253 43 208 148 255 41 47 157 129 120 143 8 195 129 167 140 213 82 177 71 187 132 55 232 149 227 252 210 134 123 129 143 103 22 26 207 78 227 41 228 6 4 9 131 100 163 213 82 103 141 51 53 169 212 183 197 77 146 141 233 215 49 3 116 234 34 132 171 70
88 253 114 103 237 71 213 219 150 41 96 228 61 109 71 163 74 249 202 61 133 126 100 246 229 214 178 233 5 140 64 164 131 238 134 26 170 126 25 63 59 165 178 124 23 178 239 202 15 224 187 52 231 212 156 92 15 115 167 178 247 142 26 249 186 159 5 176 86 33
71 252 74 158 253 108 101 169 247 109 197 112 126 253 136 159 6 140 111 166 43 146 94 114 100 56 42 12 185 245 160 239 40 75 116 99 136 183 55 132 174 59 182 250 1 184 148 233 191 123 139 12 160 90 26 24 3 230 180 159 103 208 19 82 100 248 101 7 228 55
37 165 46 193 37 95 16 149 32 97 5 73 47 137 143 89 182 210 23 231 44 237 67 215 72 167 95 160 33 138 139 168 120 188 67 177 129 38 250 217 218 140 17 235 159 119 53 200 154 119 14 106 14 48 149 244 193 169 184 72 10 17 62 7 223 38 120 241 112 244
55 83 54 150 98 109 182 102 223 66 173 199 136 219 52 92 39 165 229 215 135 20 246 25 251 6 90 19 75 62 238 29 90 77 252 254 129 110 88 119 157 197 13 114 127 101 26 58 247 165 72 159 126 136 234 123 64 181 130 156 147 24 183 45 183 104 149 155 153 235
255 177 162 146 161 106 205 102 188 222 234 64 93 211 148 98 207 229 151 233 43 149 96 59 30 141 68 72 124 90 229 123 158 141 180 144 115 161 118 253 248 51 97 156 45 21 44 245 122 224 250 170 70 43 23 4 64 241 156 68 47 158 114 75 35 150 164 119 227 244
241 153 203 226 186 36 158 62 253 122 120 174 217 82 40 61 52 91 255 92 124 84 240 10 64 227 50 125 194 175 74 13 90 104 118 99 69 207 190 106 67 51 253 222 91 107 193 14 36 255 196 120 185 175 88 169 92 44 56 168 170 251 192 166 185 240 214 156 4 164
208 202 114 242 253 251 155 92 182 169 157 208 94 136 19 89 21 237 173 230 70 167 166 175 75 56 129 97 185 243 10 151 58 52 138 193 238 130 112 161 255 45 193 185 4 126 234 137 234 163 128 233 232 131 178 192 82 90 111 46 2 136 51 138 34 46 167 198 85 85
242 227 48 183 152 103 35 189 112 18 229 22 115 108 225 185 124 120 230 112 92 145 37 246 250 207 45 217 110 223 82 90 92 211 206 148 2 156 106 51 171 74 222 60 6 200 55 223 36 197 29 197 44 225 34 35 195 196 139 204 182 162 124 247 118 3 176 156 213 216
45 60 193 91 184 50 141 240 113 88 23 214 236 53 204 143 58 209 135 252 126 2 39 28 112 166 73 103 121 171 111 150 112 251 131 37 156 202 94 80 204 35 250 127 75 49 29 118 208 60 31 197 21 39 154 141 253 221 82 20 103 81 70 133 210 237 16 252 167 35
148 251 182 190 180 110 155 229 156 193 131 130 108 82 115 5 97 159 62 252 239 221 223 131 31 251 33 249 7 19 251 241 128 193 74 146 29 79 78 110 207 186 171 255 181 221 193 227 37 131 204 78 241 14 107 2 56 185 173 138 110 255 91 9 192 128 165 143 19 214
163 34 54 113 218 59 235 193 191 131 161 145 95 194 135 2 153 141 98 145 222 6 208 102 97 91 165 154 28 76 255 245 151 145 73 71 208 241 197 179 101 14 48 33 231 213 221 210 88 137 183 188 118 151 24 137 97 193 138 119 244 135 164 244 130 216 199 181 11 51
168 44 234 230 85 183 238 4 247 36 214 87 5 111 29 111 83 155 235 202 30 125 192 152 100 197 106 56 37 142 49 234 48 178 7 64 205 239 107 192 42 92 183 20 177 167 10 64 100 237 205 73 43 130 70 136 204 19 199 244 124 148 207 18 255 118 220 50 21 235
229 214 21 33 239 17 220 197 124 233 164 138 29 69 11 56 213 22 136 92 83 109 210 147 178 191 235 166 88 63 34 71 127 74 126 25 81 147 245 68 241 188 55 214 6 229 35 18 39 101 168 247 56 240 231 161 188 55 93 4 177 69 18 105 19 33 204 212 174 28
101 81 136 107 41 145 36 17 162 186 62 65 19 200 1 186 106 133 11 183 170 111 197 103 109 4 180 232 168 152 31 82 84 49 232 135 45 158 247 123 161 3 200 25 171 76 151 188 226 47 239 121 209 114 111 63 158 92 74 7 119 36 101 17 104 128 17 216 183 238
50 130 164 195 166 106 59 196 100 37 33 91 63 147 172 176 162 168 23 15 150 31 35 160 51 7 215 168 51 171 104 90 139 5 230 189 16 58 115 94 205 228 10 203 31 3 218 117 37 93 86 185 181 146 181 119 238 65 69 224 200 58 13 86 215 91 78 37 69 185
13 4 194 109 124 88 152 227 114 10 125 83 55 13 86 235 103 127 248 17 72 5 144 158 148 243 21 173 4 224 159 43 71 0 36 160 95 61 178 45 32 121 14 79 205 65 71 170 1 16 221 143 234 7 154 154 168 245 51 114 136 58 198 217 124 19 184 204 33 74
149 52 120 23 102 154 66 107 162 204 243 46 135 111 237 20 145 107 174 33 238 243 35 101 141 239 51 15 232 46 234 192 128 25 59 10 181 215 72 21 183 76 4 44 25 218 17 223 246 220 93 190 231 245 69 226 65 228 42 234 93 248 128 231 187 226 248 4 28 97
