45
54
236
170
45
134
108
58
123
244
17
173
52
191
34
155
87
134
239
61
207
26
224
22
210
38
129
165
88
222
230
42
99
5
163
221
110
240
126
217
253
217
136
69
213
6
48
147
48
94
136
15
136
200
3
82
99
116
254
196
29
47
167
107
138
25
251
236
51
37
182
129
168
242
206
110
135
120
222
136
104
36
48
157
207
228
55
139
254
249
149
103
176
215
178
56
251
212
249
115
194
219
3
39
147
94
206
181
193
154
139
64
170
185
212
102
165
22
138
10
227
31
210
72
179
143
14
249
124
50
112
159
165
6
45
227
58
138
197
181
154
50
71
148
252
81
24
157
238
239
160
118
219
108
255
7
165
253
208
35
80
202
127
170
45
15
122
199
109
95
29
52
92
63
168
79
34
64
205
167
72
148
17
95
105
192
228
248
111
144
23
13
71
62
249
216
48
193
75
136
156
178
87
55
74
85
31
194
74
210
146
41
144
198
90
144
94
19
219
4
168
20
70
66
189
39
22
70
101
24
118
184
9
145
17
12
238
135
166
124
28
111
154
178
178
69
14
182
161
53
142
164
94
35
134
125
182
224
64
127
12
143
222
77
12
128
8
213
192
84
86
12
139
195
25
34
147
129
11
1
