219 8 213 123 144 220 32 204 106 233 60 213 113 3 228 96 234 44 86 231 194 117 97 140 50 104 198 88 103 91 43 196 226 249 246 157 157 7 187 55 179 98 239 94 48 189 248 236 98 166 7 16 10 60 244 156 200 28 8 243 190 217 13 184 6 114 237 12 77 104
243 193 85 41 36 240 213 140 60 158 12 178 24 104 89 144 75 190 123 30 25 10 231 105 32 158 227 65 148 89 61 90 188 158 126 101 72 130 249 175 0 72 113 236 9 43 248 242 62 206 198 251 132 131 110 102 93 129 144 44 61 25 110 134 176 84 220 113 42 197
200 232 101 210 247 198 243 28 65 8 209 252 97 120 223 170 157 178 241 175 7 122 247 174 11 167 151 225 0 32 21 145 204 236 194 124 56 214 122 63 125 228 24 184 124 175 91 112 247 32 5 169 154 20 44 207 158 56 141 103 38 208 94 212 251 99 43 20 43 240
58 90 151 120 21 55 33 224 164 229 70 207 16 168 195 253 132 159 155 163 192 148 83 209 20 142 238 237 110 136 46 229 25 28 254 109 51 73 245 233 75 99 206 181 181 27 192 90 209 164 150 229 173 158 245 150 137 181 175 234 156 25 194 163 176 80 81 14 207 225
89 118 9 246 196 99 129 85 129 93 151 86 172 248 33 67 248 39 114 42 123 227 80 58 34 137 76 37 191 66 11 168 117 239 233 245 161 98 240 53 169 179 101 83 207 15 20 162 252 202 97 179 195 182 103 29 75 41 111 148 233 208 5 194 73 26 42 249 78 40
116 163 13 167 76 40 245 101 17 63 243 177 116 28 250 253 87 28 51 50 34 147 121 250 164 107 156 192 65 153 157 190 127 246 248 140 114 194 121 9 132 44 190 132 193 240 97 207 231 145 68 204 202 241 155 115 236 19 157 191 93 245 201 243 130 58 6 68 47 39
84 55 100 76 79 122 99 33 98 142 44 195 210 124 71 143 184 212 242 126 245 170 82 67 45 19 16 31 49 42 173 172 0 111 143 194 116 119 12 126 230 55 58 204 187 224 123 193 15 70 174 137 158 212 143 146 233 243 0 161 175 219 169 66 243 150 210 178 123 33
5 2 166 50 11 233 115 131 69 4 22 149 231 110 193 101 167 89 15 224 91 209 127 214 241 26 228 161 208 206 227 102 248 210 201 172 147 15 72 170 211 163 84 67 76 20 235 144 246 231 2 28 206 185 144 165 173 176 184 23 145 241 197 227 94 128 98 19 9 65
87 76 224 137 218 251 233 67 132 72 244 80 86 7 21 112 227 36 208 14 171 129 5 183 143 165 62 227 182 235 61 234 187 162 217 95 106 55 148 249 96 31 112 144 247 192 24 62 124 3 194 89 225 252 133 7 203 16 89 189 36 192 234 244 139 65 1 187 13 171
105 107 135 77 51 174 216 13 255 67 231 88 52 37 109 195 202 59 15 36 173 55 59 226 39 34 116 139 204 93 244 20 123 69 197 68 66 222 254 173 168 227 220 121 110 191 126 73 68 217 117 38 97 19 91 34 79 42 201 234 45 92 251 116 18 236 193 216 110 186
16 230 163 132 42 201 160 165 125 230 65 174 8 136 38 1 255 38 82 239 62 178 16 15 116 76 74 132 250 236 188 3 68 208 5 120 42 137 229 225 251 20 136 249 100 199 253 43 12 50 120 113 157 116 49 23 0 11 119 155 76 69 2 177 186 114 175 52 55 170
242 253 253 213 68 72 58 6 74 114 152 71 103 1 65 164 86 204 66 203 166 211 117 85 163 149 117 9 129 125 255 208 179 170 115 57 16 171 114 136 76 131 11 165 78 200 155 234 64 208 239 193 229 192 89 208 191 145 1 28 222 133 55 206 182 22 160 3 35 111
225 95 247 186 0 156 7 4 40 67 18 163 91 241 215 23 166 160 186 70 242 14 68 49 197 208 83 93 227 3 9 213 6 136 177 23 57 213 91 73 56 116 145 41 250 133 247 96 182 95 13 141 219 47 106 249 209 148 111 54 234 62 250 212 38 132 165 40 69 186
168 36 73 77 22 139 137 87 152 99 238 231 227 121 61 9 150 21 208 139 132 51 250 232 133 199 115 175 89 35 64 63 65 26 85 43 174 95 57 110 0 166 221 28 227 177 113 138 13 123 37 138 198 132 249 90 249 178 71 69 215 44 2 199 144 242 132 110 104 40
101 15 49 234 11 7 91 180 176 163 250 24 81 163 159 199 180 202 26 220 215 0 25 10 33 225 243 49 194 189 33 2 56 199 196 220 134 237 112 102 3 14 149 208 176 172 156 203 143 171 66 157 127 86 197 155 159 86 179 45 182 95 255 226 239 66 83 83 78 186
129 123 148 3 39 173 79 234 115 91 68 210 122 246 127 177 20 198 59 219 133 36 39 0 36 76 29 160 228 181 148 115 198 240 206 250 14 2 94 198 172 220 186 45 39 125 102 192 250 162 107 170 130 165 219 114 147 79 202 225 71 189 51 205 217 253 57 11 183 105
68 51 114 67 15 56 158 60 42 176 170 108 84 189 127 126 250 227 62 87 79 87 235 111 84 38 181 178 171 19 226 160 84 98 88 101 64 88 29 255 14 213 56 46 119 127 16 122 198 12 61 227 253 160 75 65 137 20 41 41 38 249 72 219 83 101 91 104 87 152
252 210 5 76 137 200 216 181 87 146 71 111 223 56 174 161 232 192 185 245 78 165 25 68 90 215 157 25 92 104 7 247 192 83 89 198 0 211 165 66 3 198 206 202 123 49 33 125 208 53 31 71 117 36 219 154 76 103 150 232 153 27 104 228 212 193 40 173 251 21
252 241 61 202 8 53 178 223 121 191 79 53 19 198 33 103 111 19 108 18 131 35 176 174 150 5 196 148 5 126 61 144 104 140 182 45 110 206 243 207 108 106 5 136 149 134 234 82 116 77 180 12 72 251 168 51 155 213 95 72 170 33 50 210 85 252 251 220 122 45
194 28 161 16 99 151 211 98 24 82 181 253 165 130 49 89 84 46 54 167 177 172 65 13 214 173 209 52 155 33 161 101 205 138 76 17 15 4 43 113 6 136 173 150 105 142 64 151 84 120 195 89 158 184 41 7 198 249 144 166 241 123 186 185 41 148 1 152 186 197
14 85 142 227 161 215 158 63 0 235 43 144 157 181 118 33 120 95 174 169 80 37 19 17 99 252 8 129 144 77 63 150 236 17 166 182 7 176 41 73 188 206 189 168 85 66 205 114 99 19 86 116 156 132 30 15 209 65 190 14 164 160 144 139 150 124 141 22 73 156
27 161 187 182 110 19 171 14 185 152 253 159 193 105 64 107 67 217 104 93 150 103 5 237 208 219 229 172 91 29 89 148 90 73 171 27 196 72 106 255 112 188 185 100 51 198 135 120 162 219 217 221 235 208 79 119 46 91 12 6 53 3 126 94 123 242 120 152 80 140
127 244 139 156 229 201 187 113 197 185 31 97 177 223 231 54 247 12 45 26 153 58 72 152 204 231 224 66 107 128 14 69 90 234 66 12 131 93 48 212 146 57 36 151 91 101 42 214 74 175 206 58 14 232 163 0 176 39 208 72 139 5 0 129 99 168 77 28 182 205
78 48 209 84 189 146 187 52 155 236 87 239 106 31 137 208 71 230 207 28 200 4 243 248 139 233 150 112 6 132 177 240 241 218 183 185 133 148 208 76 226 138 197 167 218 63 119 214 165 234 27 79 12 107 189 208 227 119 30 191 115 199 254 107 120 18 42 189 12 181
242 159 247 48 84 239 208 83 103 121 135 220 233 216 53 253 89 199 36 167 236 121 91 56 211 8 27 79 3 124 53 145 23 29 250 245 137 201 11 59 71 74 65 86 192 80 157 175 152 113 236 239 50 41 59 168 218 187 1 233 183 156 19 5 59 164 183 152 224 221
102 207 240 94 223 7 56 184 59 180 208 245 151 207 190 230 146 129 240 131 150 133 108 146 22 176 108 155 12 179 103 220 229 120 250 139 254 46 219 225 158 241 5 14 2 36 67 241 65 98 165 22 83 114 36 16 18 251 219 78 91 117 225 82 241 8 165 243 125 30
106 177 106 101 117 220 148 169 152 46 42 143 81 147 157 94 130 20 50 30 34 161 32 244 49 6 6 251 234 87 6 95 72 228 75 223 77 52 226 150 102 237 193 136 177 103 237 122 223 15 214 49 88 76 118 14 13 140 247 166 36 206 249 227 70 156 149 60 201 227
66 37 100 232 194 244 252 228 255 195 135 51 154 83 240 27 185 57 91 78 101 32 148 77 128 153 167 50 148 182 14 183 249 136 144 33 12 79 224 225 39 178 202 7 201 80 143 82 52 251 234 15 248 35 186 107 109 195 24 139 203 151 152 218 119 230 251 121 28 32
46 66 57 243 238 170 231 231 221 47 47 47 169 141 175 59 85 147 52 50 161 28 197 174 125 16 52 93 50 102 218 115 63 224 60 119 177 208 54 104 85 174 136 253 158 240 131 243 64 9 88 154 194 23 247 100 232 252 65 125 45 149 239 1 55 93 34 51 93 12
118 92 173 192 242 46 173 79 167 200 219 190 216 86 182 92 170 128 106 132 109 28 253 238 81 137 68 90 55 41 218 213 129 152 17 75 222 144 191 45 86 86 175 248 0 119 119 183 209 62 2 65 163 99 54 10 190 102 169 56 141 152 117 91 122 54 184 178 117 235
38 37 46 241 39 74 150 198 35 120 45 14 131 130 40 0 49 112 45 181 117 155 187 217 148 206 116 190 254 209 24 124 91 146 117 185 97 39 105 233 9 43 78 66 2 223 155 247 158 125 197 84 218 53 71 119 2 64 253 169 137 246 57 87 104 160 39 254 17 41
123 39 163 253 150 177 106 200 70 232 0 29 120 223 5 83 55 196 118 67 235 28 239 98 173 151 119 44 66 251 125 247 179 242 177 113 106 40 173 201 155 26 154 83 49 29 184 225 253 242 220 213 186 217 1 146 103 110 84 218 25 127 31 43 132 217 51 207 45 226
65 243 163 250 213 98 55 149 246 171 46 221 119 150 109 193 246 255 99 27 123 34 27 136 111 69 115 105 238 182 112 161 163 254 95 210 134 147 237 86 46 91 155 102 177 1 76 7 127 132 186 90 149 66 166 19 176 121 7 58 228 178 233 78 107 202 164 44 125 108
221 196 11 213 74 0 90 118 67 113 46 11 157 173 131 92 33 41 223 84 25 22 170 29 160 223 6 150 26 225 212 202 153 116 206 149 147 124 20 171 126 199 78 145 235 230 248 74 174 197 117 123 164 248 52 149 98 241 1 66 198 95 105 51 235 113 59 82 252 248
41 163 185 200 98 163 116 228 164 2 122 201 203 144 37 67 45 188 89 117 7 84 232 99 130 189 149 229 193 160 176 88 75 95 33 22 74 248 150 194 179 120 150 33 67 156 97 97 23 98 250 43 53 66 176 34 54 138 116 226 157 156 161 70 7 208 57 117 63 80
100 101 56 22 128 64 153 197 90 195 43 240 151 166 186 139 218 214 24 15 107 18 105 40 48 34 212 180 16 233 186 49 145 186 73 54 195 16 182 147 127 5 113 241 205 225 101 207 154 191 241 250 232 106 99 247 201 42 155 123 66 35 238 137 149 183 148 184 131 72
49 237 248 217 223 247 171 234 77 201 13 26 189 217 182 158 244 161 100 215 186 238 55 42 193 140 125 141 83 254 43 70 195 216 177 104 240 252 222 239 248 106 34 35 81 193 64 164 166 163 170 148 208 92 203 254 223 52 38 21 193 17 39 85 193 229 155 253 179 170
7 17 210 112 74 164 186 250 247 22 133 85 214 113 136 135 58 181 31 124 246 71 159 118 39 10 54 238 55 174 140 102 229 92 146 119 194 147 224 94 29 55 130 229 133 116 160 110 165 242 30 11 148 211 143 24 184 173 84 82 235 101 1 55 90 135 181 2 182 24
30 95 167 172 255 159 241 220 36 141 75 215 223 38 33 215 233 102 7 254 67 2 143 148 200 232 113 4 58 141 75 6 68 97 191 167 151 119 193 102 242 193 52 27 171 10 40 85 57 58 220 141 216 114 234 144 110 121 133 6 17 142 159 192 190 231 107 245 77 132
138 105 243 121 56 101 211 170 142 225 70 237 65 225 38 179 11 153 191 5 48 36 57 245 105 12 210 184 198 126 55 219 14 81 250 102 119 68 67 28 152 130 91 212 48 30 204 149 123 165 3 143 163 147 203 106 181 20 119 162 229 33 151 234 209 114 204 90 216 168
250 128 31 163 175 13 63 99 123 101 25 147 70 245 86 38 144 172 141 97 247 152 155 47 134 228 186 177 105 52 196 57 137 162 134 122 55 235 119 255 57 184 94 116 26 4 3 246 10 238 77 19 233 77 111 71 36 210 208 204 120 160 116 168 237 4 84 166 99 241
90 22 143 161 206 45 95 105 152 90 210 90 89 178 17 16 172 74 216 11 145 248 227 73 74 243 248 37 2 173 127 157 80 55 8 105 103 222 154 178 5 241 79 143 191 174 247 253 61 137 127 228 239 108 89 25 207 43 91 70 96 67 76 211 117 34 229 65 96 175
48 210 126 56 196 134 81 115 34 140 187 200 65 115 132 255 129 136 197 242 193 35 163 30 0 23 12 92 197 193 183 80 105 119 49 32 94 59 125 204 227 14 168 61 57 130 229 68 162 103 104 153 58 231 148 132 246 135 208 250 102 123 81 244 137 30 48 92 193 158
15 211 62 84 159 5 215 59 196 48 244 211 167 243 91 76 9 88 195 39 168 97 132 168 45 48 17 129 9 138 238 25 79 93 48 50 165 28 125 107 254 205 16 170 170 38 219 142 158 157 88 149 223 73 71 151 190 165 232 137 145 196 31 225 36 129 105 130 3 244
28 203 132 122 244 79 208 200 159 245 220 122 28 77 86 168 132 188 47 116 6 243 141 85 29 160 191 73 212 40 183 132 126 136 123 22 218 206 116 50 45 156 191 136 239 105 80 169 140 208 68 154 129 199 18 97 188 116 209 49 157 10 99 49 1 231 107 128 254 155
252 226 113 229 35 218 115 86 32 53 78 156 190 27 12 80 85 221 3 187 68 37 124 102 158 176 187 205 100 206 142 51 155 70 213 207 112 2 169 228 143 22 26 65 133 156 216 236 1 90 172 206 113 113 106 66 234 232 69 219 76 50 227 47 69 67 137 193 70 253
69 160 18 198 193 90 143 209 104 251 122 163 15 250 103 202 169 41 11 146 80 80 42 239 126 172 68 239 27 209 192 230 224 62 162 184 11 245 72 101 64 61 15 229 233 68 172 63 50 167 180 58 81 103 205 190 176 150 16 221 1 17 12 199 196 35 221 162 190 100
41 1 46 225 119 178 86 239 150 164 253 78 57 36 91 38 112 132 106 217 90 148 7 45 217 188 45 108 103 57 5 54 70 6 85 233 84 235 150 224 249 12 241 5 99 46 20 50 210 88 90 53 136 139 20 247 63 175 218 161 1 216 30 131 210 158 226 244 147 138
40 218 94 45 137 154 88 188 239 64 208 226 50 200 102 86 87 74 104 3 94 20 126 221 92 59 119 27 227 43 107 197 31 221 192 8 189 196 116 78 106 60 107 116 195 190 220 78 238 231 152 178 165 203 39 81 166 33 136 11 153 66 172 49 220 230 9 120 109 230
200 162 146 215 112 14 69 240 47 218 136 52 52 145 199 218 98 83 174 228 39 160 69 42 7 166 219 22 61 217 87 146 70 107 162 43 118 71 237 97 131 104 92 109 42 33 96 103 57 127 109 154 225 180 145 118 36 125 144 92 151 9 137 111 118 143 5 134 142 111
180 83 197 5 191 15 180 48 213 12 227 219 13 110 185 114 50 164 133 112 250 165 6 97 196 209 191 236 27 215 91 169 225 149 34 145 0 143 125 148 196 208 105 3 59 224 241 165 236 97 199 183 101 28 18 170 197 106 139 37 64 40 196 138 29 187 72 75 255 199
165 39 66 193 74 219 30 89 82 33 96 80 127 163 30 130 145 125 192 249 150 89 155 195 88 193 206 84 174 11 39 121 33 42 147 145 189 211 133 114 107 195 77 86 69 38 105 104 6 22 78 127 170 130 222 235 125 172 177 40 116 45 224 91 224 130 199 121 194 223
117 204 213 63 100 186 81 30 191 66 228 40 213 10 97 64 236 218 93 81 144 53 91 71 229 139 178 104 226 50 126 175 47 179 21 169 20 28 170 106 202 72 137 36 41 224 64 254 169 180 67 19 165 220 74 178 202 59 215 53 176 51 219 100 169 10 39 51 208 249
238 233 86 170 157 166 248 22 249 12 0 25 43 167 175 58 109 92 10 181 44 189 160 130 208 156 67 8 255 56 184 149 221 7 46 185 198 133 89 20 93 41 225 96 127 16 192 100 226 89 218 117 172 246 171 206 106 82 42 30 0 97 50 206 48 20 159 146 143 214
29 94 117 94 224 200 140 7 40 164 89 1 214 127 51 217 6 171 92 101 205 83 143 30 174 194 35 128 149 26 68 79 158 185 29 100 110 141 30 18 160 1 198 21 162 219 226 57 75 133 57 131 221 205 247 27 211 91 183 95 47 243 194 244 35 1 171 227 24 135
111 75 222 187 43 130 253 106 144 172 204 72 32 104 240 111 104 244 173 27 137 232 82 202 23 205 55 153 4 245 26 6 86 26 56 146 151 175 209 68 27 193 105 92 12 198 51 73 177 45 220 158 97 149 236 51 106 227 233 130 186 109 108 250 154 193 5 234 207 92
240 17 146 229 206 218 29 209 134 86 199 9 162 44 255 129 54 199 98 15 60 236 51 201 11 246 0 53 72 159 167 159 47 109 228 105 223 7 159 111 175 112 120 244 97 15 225 14 61 119 88 53 101 246 202 211 217 174 97 182 71 106 116 158 79 42 57 194 10 236
18 195 172 85 80 90 251 124 254 209 69 148 146 223 52 227 197 113 33 13 190 11 51 205 57 201 40 190 143 216 223 51 221 216 11 83 32 144 15 58 19 230 220 3 8 243 181 103 200 217 28 136 244 157 80 188 104 126 222 186 211 19 79 19 210 70 23 103 97 200
71 130 49 222 95 45 78 173 49 245 66 165 247 196 19 166 93 163 99 186 98 152 166 238 121 160 188 179 127 119 111 123 201 103 85 95 134 186 196 9 245 4 127 141 36 83 189 210 106 247 75 98 41 172 29 64 247 160 248 194 51 237 40 153 232 46 101 169 183 202
196 249 178 157 114 3 40 29 132 173 72 59 132 107 204 75 24 192 169 173 168 16 130 23 243 147 19 102 108 66 65 96 163 154 205 188 85 255 160 158 238 236 144 243 202 78 14 125 29 61 97 34 215 114 216 254 158 70 165 20 27 74 31 192 95 111 134 235 226 198
33 141 93 100 19 236 188 17 171 146 232 246 108 138 92 50 171 182 58 41 18 154 94 65 192 86 130 11 131 241 14 94 133 49 24 12 9 210 232 222 152 66 186 100 194 80 116 178 237 215 160 109 19 12 46 187 163 89 179 245 40 181 204 206 215 11 129 28 108 150
189 21 129 215 2 216 7 59 254 21 2 180 200 23 216 137 152 54 250 155 138 201 75 103 151 94 240 111 79 41 71 187 188 27 10 106 119 177 217 147 125 121 252 148 7 68 29 99 93 158 3 178 32 179 116 147 77 159 198 181 93 99 173 152 59 22 70 133 1 223
122 177 184 246 27 41 159 135 100 118 57 120 128 254 229 63 252 142 228 15 252 237 2 35 116 7 40 198 117 71 129 182 165 112 109 218 182 123 32 106 61 190 135 202 245 5 102 148 243 80 210 156 114 83 11 46 42 131 254 75 72 222 216 168 79 75 232 76 4 11
92 71 250 69 235 49 224 2 31 27 195 34 142 97 121 14 129 40 155 235 48 190 213 206 25 83 13 61 102 42 217 186 238 93 168 188 2 246 63 169 101 121 249 123 164 63 181 124 173 148 167 200 191 136 78 129 194 15 72 162 223 17 250 70 40 11 54 134 208 34
77 130 192 2 27 158 52 87 242 74 154 184 103 169 101 111 56 125 194 0 186 230 85 239 112 8 113 70 6 225 204 87 90 118 104 97 25 209 65 237 183 92 72 198 66 64 26 97 45 77 143 209 125 201 69 24 232 147 146 38 150 182 217 247 26 97 162 195 145 252
183 65 222 226 90 49 230 125 197 66 153 172 187 174 51 142 168 229 113 216 212 64 125 194 110 193 76 172 89 43 114 46 182 247 140 193 144 130 137 108 81 78 163 167 26 223 208 80 9 146 152 160 39 37 35 221 111 171 108 230 213 85 11 51 106 209 239 174 179 78
74 244 136 239 175 81 251 156 36 181 146 79 199 92 193 231 98 66 162 42 119 95 214 69 226 242 88 241 155 66 170 120 41 142 34 225 39 62 1 74 50 204 93 205 69 246 230 217 236 24 38 182 199 98 227 212 201 31 236 10 88 66 66 149 160 232 61 68 181 44
23 7 15 186 206 166 109 207 58 126 205 195 27 125 230 33 143 233 142 124 193 223 230 25 8 87 241 46 241 243 241 255 45 14 192 26 109 134 102 162 231 52 132 186 212 158 49 228 31 205 0 189 208 252 155 153 17 234 115 103 128 142 71 187 110 159 39 221 4 75
236 168 134 47 24 77 171 83 103 181 142 171 12 230 126 20 244 71 251 144 86 178 248 244 79 183 75 45 220 38 209 119 224 161 185 45 71 2 254 112 224 121 123 169 131 77 251 157 30 243 231 162 239 155 133 81 202 86 149 53 10 167 221 142 222 195 11 186 240 219
57 140 2 119 170 8 150 136 140 22 0 128 249 40 186 176 110 118 173 82 56 5 191 241 238 163 242 16 134 219 27 55 39 165 100 139 80 197 99 7 68 194 107 227 158 55 115 150 122 101 228 167 191 55 238 102 22 131 210 74 15 250 240 138 130 59 158 59 151 160
236 195 28 102 5 6 14 95 191 100 182 21 229 224 117 239 24 119 109 130 45 9 199 201 145 47 127 210 199 2 29 250 21 201 60 155 223 225 81 212 36 105 126 128 117 108 78 21 132 16 52 180 154 183 84 93 177 233 76 231 110 33 26 136 149 58 57 16 46 222
82 247 226 192 144 142 149 213 218 169 182 45 77 215 188 127 173 182 85 129 180 97 176 127 12 62 156 190 11 206 66 117 185 60 191 28 121 60 190 225 26 183 155 154 42 230 175 9 207 114 191 126 134 196 181 222 186 65 192 19 98 56 37 149 1 134 234 7 235 216
154 211 230 73 244 19 152 46 97 172 30 111 38 86 205 252 245 29 83 149 205 151 219 225 194 90 193 169 60 228 171 114 251 107 38 187 92 199 136 112 196 144 146 128 31 133 198 39 138 104 69 85 189 224 75 226 113 106 89 103 85 71 36 108 37 153 113 106 129 115
234 55 91 67 243 29 177 248 145 86 170 55 150 3 232 75 156 199 220 178 106 246 184 128 237 66 173 167 24 24 81 60 17 142 196 55 16 162 175 60 62 18 3 86 168 60 117 133 38 139 233 228 123 115 15 189 147 122 196 170 28 89 170 187 82 41 189 106 14 45
150 152 134 198 253 135 66 57 65 172 78 62 163 175 186 17 191 226 46 21 32 76 168 33 108 192 88 191 31 102 219 55 108 42 117 163 224 161 154 154 130 79 213 233 145 31 242 214 129 138 105 155 75 205 187 198 149 170 244 96 113 46 71 224 243 130 78 166 99 150
216 38 173 35 199 168 159 60 46 118 128 79 215 114 70 10 82 225 170 200 176 157 10 164 204 61 217 55 141 88 6 240 214 47 12 99 246 231 193 169 16 136 220 62 34 226 85 215 47 26 82 106 23 24 222 38 172 101 188 147 214 142 77 221 229 68 126 80 123 218
232 170 5 149 43 236 125 124 151 114 22 124 99 220 28 138 42 92 223 244 204 202 15 9 98 192 94 41 112 112 37 161 164 28 213 212 200 208 165 1 60 230 46 222 129 5 233 113 119 118 123 86 98 171 119 49 205 120 18 207 5 101 184 73 224 85 12 134 252 140
61 9 133 29 98 248 14 85 52 228 87 186 224 34 10 215 226 102 173 238 253 214 55 235 8 128 210 63 218 139 223 79 144 85 182 64 153 65 65 19 228 16 64 226 116 150 212 111 153 165 118 78 202 22 189 37 173 98 167 233 248 129 135 182 249 241 238 50 86 222
2 35 160 76 0 241 191 183 147 73 220 194 101 22 14 164 161 128 3 74 213 94 232 58 241 41 238 109 194 239 166 178 62 242 239 149 219 192 254 212 190 194 253 42 148 240 90 63 209 216 217 89 237 91 55 159 194 84 189 145 225 245 249 24 253 106 154 212 37 236
8 148 149 99 255 205 181 177 171 195 132 43 245 5 205 22 247 118 133 40 209 79 55 40 52 47 17 87 170 148 72 168 155 81 73 192 75 171 255 204 38 0 73 133 154 184 76 254 124 46 64 108 106 197 131 8 167 115 182 29 148 34 204 42 238 127 224 112 219 103
224 89 25 73 66 49 96 29 79 51 181 230 74 60 92 191 51 14 100 52 238 22 35 101 6 104 3 235 127 71 95 128 174 31 111 196 77 78 219 124 96 251 181 67 252 177 228 152 129 117 207 205 10 148 128 135 9 201 104 57 89 184 102 190 149 248 100 189 147 76
163 136 20 180 41 45 38 152 120 229 132 180 100 65 242 157 92 23 169 124 255 29 137 173 152 204 222 159 53 240 88 195 16 48 77 124 186 217 65 14 75 148 177 240 27 168 58 62 96 250 43 205 112 138 167 131 14 35 227 245 129 128 147 248 93 48 145 81 238 154
243 52 142 69 218 140 98 206 19 162 24 221 193 80 217 65 201 247 169 80 44 239 187 98 161 139 163 159 13 180 222 243 254 18 113 33 20 250 196 96 112 18 10 188 204 164 190 220 46 228 120 236 185 44 213 54 17 218 50 216 229 250 190 213 157 223 36 168 71 19
199 108 98 11 136 180 120 80 21 111 31 78 59 235 164 138 0 233 62 55 189 221 37 128 183 221 173 33 225 99 91 94 192 40 2 118 204 28 212 68 65 164 180 128 109 64 240 168 237 233 122 128 237 12 188 1 15 162 25 183 149 215 114 87 237 182 229 123 43 254
33 2 24 1 176 40 48 70 221 86 7 181 1 68 157 137 206 220 172 63 127 123 99 62 27 60 149 224 186 237 175 132 83 46 0 71 32 199 140 77 15 42 255 201 89 145 88 197 7 171 62 75 161 81 190 207 47 182 154 78 251 103 155 147 68 80 100 239 50 55
70 82 68 119 178 240 112 226 247 157 54 135 29 160 79 151 182 250 6 168 156 34 196 110 74 72 191 3 201 68 255 214 166 100 90 69 4 97 248 27 120 48 36 161 72 105 232 163 166 163 204 139 161 41 102 248 21 208 102 119 232 182 89 111 88 128 189 213 145 56
40 90 61 74 125 226 170 247 15 179 214 197 14 180 203 219 9 75 147 56 15 252 33 135 134 200 112 2 114 93 117 101 247 231 225 101 141 210 199 151 169 35 131 175 175 179 201 216 115 12 102 16 214 197 201 240 233 59 210 171 150 97 234 79 161 112 172 247 174 47
205 35 15 196 131 204 196 127 228 13 195 21 165 115 242 30 246 122 41 142 15 104 184 33 224 172 128 226 27 140 197 43 120 236 148 107 139 42 178 16 145 121 187 70 37 86 243 158 40 53 29 217 194 91 186 34 252 173 254 220 181 50 0 116 28 122 200 210 253 221
129 130 41 92 153 196 47 219 97 216 180 133 146 163 203 53 115 102 115 80 35 192 164 186 248 213 63 83 197 244 97 187 176 170 41 199 238 223 75 69 138 143 76 160 71 37 141 162 191 226 47 58 161 29 235 163 95 108 140 56 197 51 148 173 47 76 188 75 180 83
118 94 178 228 67 47 95 222 19 181 2 196 39 141 146 67 54 53 180 86 144 136 184 239 131 224 179 69 244 47 4 6 196 40 210 31 126 36 31 137 12 177 1 254 8 32 225 24 163 24 55 124 82 124 100 156 205 91 125 57 70 82 132 73 109 44 90 254 64 53
69 43 104 219 173 209 66 100 125 97 56 234 43 160 236 228 53 137 12 52 200 193 213 159 6 94 91 218 186 18 72 43 143 151 216 217 212 133 124 167 92 242 29 165 21 123 66 43 140 58 227 250 113 56 64 88 99 153 223 110 160 206 6 104 192 224 125 102 117 158
10 137 215 125 166 181 43 134 73 207 34 184 181 95 184 155 222 156 24 22 46 140 169 105 31 52 70 110 64 159 51 113 187 4 36 145 117 28 57 241 98 104 80 114 207 236 75 96 201 236 244 229 44 68 51 237 41 125 243 215 77 133 192 244 95 88 185 19 29 145
9 11 97 252 78 83 194 12 245 220 8 50 92 78 33 5 246 165 42 73 208 200 52 173 181 157 217 244 13 234 251 200 176 132 162 39 146 20 25 46 22 7 166 17 95 249 165 175 47 81 117 84 135 161 207 230 80 183 184 144 185 164 39 103 243 73 194 81 1 93
238 214 110 131 96 135 31 23 72 109 201 198 85 85 177 217 229 64 116 171 137 138 169 216 35 62 180 80 55 215 64 201 170 141 41 220 163 219 112 196 122 18 223 236 165 185 197 33 39 29 111 185 15 45 25 174 136 98 205 214 91 14 133 95 115 63 48 116 46 176
46 21 18 50 246 238 117 248 8 153 210 4 218 223 28 79 59 79 111 191 201 180 229 254 220 13 124 231 215 253 238 253 242 204 186 94 96 121 87 245 122 9 1 114 4 125 168 16 45 15 31 39 93 53 201 115 241 44 237 255 147 201 254 214 36 246 233 205 69 244
147 132 250 218 18 28 145 41 133 246 187 42 2 140 48 83 211 224 121 146 137 103 194 175 156 100 254 130 187 243 30 249 105 222 176 98 119 174 107 201 219 80 22 243 249 225 195 207 176 85 255 53 134 248 34 190 114 15 139 232 26 205 52 229 73 88 54 63 253 32
159 58 206 234 54 167 15 160 248 43 226 72 213 185 191 191 114 58 234 244 84 10 77 213 167 10 126 193 91 224 54 94 20 82 239 50 48 219 205 161 68 122 219 241 220 117 104 23 89 56 103 93 153 251 68 119 185 18 149 144 59 132 214 239 243 45 2 62 24 168
110 144 60 227 98 54 76 232 167 84 28 11 229 219 196 22 225 192 212 183 155 133 121 52 51 215 237 201 92 176 50 92 124 106 89 255 44 238 242 59 15 4 117 248 58 107 41 38 30 16 181 158 216 211 157 110 71 211 69 63 218 216 168 160 63 178 24 108 180 156
100 71 14 128 231 255 15 71 25 49 231 127 161 192 48 86 155 129 201 207 53 220 209 146 103 81 120 134 199 26 173 134 240 59 128 171 174 16 218 61 235 103 191 53 56 4 203 88 219 162 211 242 47 29 141 144 143 17 63 129 186 27 108 21 20 46 142 185 135 48
162 137 123 242 170 150 149 36 133 166 211 142 237 235 226 246 240 145 56 151 106 71 218 236 229 182 0 22 201 22 116 247 30 112 4 51 60 11 206 22 167 55 71 111 250 106 199 189 245 190 195 183 9 129 156 232 143 122 252 252 143 198 188 157 126 242 176 221 96 3
131 180 224 2 33 64 24 175 161 217 86 62 216 85 34 242 36 127 125 120 152 43 130 96 152 47 139 53 255 251 131 160 234 246 225 213 130 60 119 108 86 227 44 174 63 58 199 213 167 127 203 213 152 123 151 104 147 104 123 40 147 119 198 37 178 92 209 6 139 79
58 246 188 27 245 194 75 85 212 201 134 75 170 87 173 121 14 228 87 63 20 193 177 231 248 109 186 102 112 214 134 159 18 241 131 13 124 67 104 8 192 242 67 18 187 133 215 52 47 79 179 143 232 149 120 246 231 248 74 96 216 178 41 144 61 233 116 143 100 81
6 120 5 193 5 110 16 52 126 255 175 171 124 101 12 40 10 226 27 110 69 0 101 58 51 118 177 116 105 222 139 79 172 119 162 77 79 125 149 225 113 228 221 42 109 230 238 179 240 30 226 18 159 86 253 145 202 250 95 187 53 129 4 151 5 183 222 168 138 214
100 123 65 109 161 77 137 53 23 114 113 242 133 69 168 124 255 223 228 217 120 96 73 100 180 57 224 174 70 79 19 236 65 187 40 20 234 182 110 207 186 239 126 186 138 45 8 24 5 32 107 146 192 221 178 103 45 227 251 168 126 84 58 141 197 34 175 253 99 86
15 240 162 178 106 135 108 68 156 179 126 93 146 191 179 139 191 140 196 32 125 178 177 74 202 83 81 108 130 70 162 97 195 73 32 158 241 183 81 147 81 123 156 207 203 204 165 170 67 155 167 60 95 211 115 174 249 220 64 201 208 89 3 212 83 77 67 188 234 129
235 16 94 142 170 25 27 167 48 212 254 4 204 149 214 60 211 146 181 206 182 77 228 128 205 45 200 163 234 252 34 17 170 251 51 192 79 190 218 91 59 154 168 61 32 30 216 10 104 68 140 201 38 229 16 198 100 19 174 170 90 233 104 36 254 177 21 224 243 185
179 207 120 210 23 235 234 235 176 73 153 217 229 181 220 163 136 133 87 219 18 44 55 198 250 104 210 249 188 59 134 70 223 143 180 131 50 173 230 218 70 67 123 40 126 51 138 189 227 179 172 95 42 72 10 69 23 150 145 66 132 172 127 24 14 39 31 233 175 228
37 36 108 230 131 1 201 51 111 190 168 4 222 186 118 108 122 46 40 141 255 174 171 135 155 89 189 224 85 95 172 192 10 71 165 238 105 63 17 77 213 142 146 11 190 174 236 60 227 60 191 164 169 220 184 247 192 190 26 217 237 177 132 61 216 141 38 62 238 231
197 224 65 127 61 187 70 76 199 87 188 63 127 93 219 99 157 10 128 167 23 94 131 16 218 41 196 25 36 171 85 149 235 130 231 32 195 46 245 163 172 60 8 233 58 245 59 10 215 130 97 244 154 178 171 100 216 251 37 105 69 159 45 216 27 176 119 37 12 220
225 31 58 98 141 236 253 244 224 210 247 61 159 188 103 39 231 1 81 13 4 90 24 49 213 2 13 136 124 78 155 158 115 198 152 240 25 236 159 207 204 212 128 163 93 163 95 82 53 111 177 135 254 46 95 103 188 41 14 180 141 2 253 54 5 91 8 4 188 151
122 163 254 217 117 94 123 163 242 192 222 59 123 237 94 146 102 229 11 79 225 1 134 55 220 185 35 84 208 9 206 71 58 74 24 181 214 43 236 95 245 107 253 174 6 201 11 195 104 2 125 12 240 174 153 82 192 111 158 106 188 215 54 224 150 10 19 97 196 136
206 171 41 96 211 22 188 48 40 72 18 78 72 53 100 129 210 232 119 248 221 146 75 145 46 243 212 99 216 187 161 248 216 219 166 242 236 67 212 40 58 248 149 172 185 149 140 68 242 105 38 16 42 183 113 161 121 59 248 236 44 78 163 156 22 163 232 58 13 30
182 223 226 148 93 229 79 6 74 173 32 97 220 94 82 217 96 172 121 148 17 105 253 99 239 15 46 212 183 82 253 21 158 157 63 68 114 224 73 85 254 9 208 9 44 101 38 127 36 218 236 223 115 27 74 187 137 141 148 6 34 22 29 31 79 200 91 108 44 153
13 53 147 134 83 22 118 83 159 229 24 69 23 53 216 103 206 118 205 196 156 149 18 186 118 107 93 251 22 245 71 204 209 127 229 87 75 131 222 147 221 249 23 167 148 225 223 69 133 224 153 45 157 124 24 227 59 55 149 245 39 112 11 237 119 228 99 221 98 68
182 251 135 87 63 60 206 150 200 194 102 154 174 153 142 33 47 110 201 33 141 141 190 11 143 58 147 20 35 42 77 36 21 89 129 249 90 16 102 175 85 198 139 21 203 249 39 185 231 87 171 6 103 26 208 111 231 248 154 113 75 89 137 92 77 0 247 219 127 108
16 241 238 65 87 125 204 171 49 176 59 51 38 197 203 48 110 179 177 203 101 238 230 43 51 32 16 202 43 26 231 141 88 38 42 184 173 6 139 87 148 82 92 205 82 97 254 199 155 36 178 250 148 216 179 245 59 102 116 78 144 0 73 163 218 180 9 114 15 187
248 211 248 231 217 159 210 56 182 132 77 165 163 14 180 157 107 31 118 75 28 212 221 11 73 168 216 52 57 219 17 139 106 16 229 171 49 29 100 192 40 29 189 243 187 202 38 109 239 88 149 229 71 116 252 57 46 208 19 241 200 147 178 236 118 245 190 59 30 55
236 159 22 46 49 199 230 185 11 40 201 12 85 54 150 223 95 129 35 209 184 101 181 58 169 251 140 154 189 28 176 78 251 78 62 64 191 0 12 73 183 215 93 95 32 170 29 94 248 188 124 236 68 45 159 149 218 249 6 158 5 155 161 1 119 245 38 194 22 163
155 68 135 130 2 167 129 83 139 19 130 117 195 190 211 163 189 28 209 241 117 72 46 56 78 29 33 184 42 115 23 210 83 34 16 89 220 25 154 246 129 140 54 58 28 245 246 132 225 183 16 31 115 7 147 136 130 240 166 149 40 164 93 174 174 120 127 100 218 143
87 111 140 131 103 113 152 194 212 74 73 22 69 17 101 134 30 109 158 193 186 75 64 181 52 80 228 132 89 61 95 244 45 39 45 62 26 42 235 113 125 3 13 115 104 186 92 213 15 147 58 254 235 196 139 163 93 108 96 195 198 172 240 210 161 170 88 20 241 0
36 73 90 157 164 204 216 229 182 178 206 215 141 236 240 133 145 177 62 158 221 87 235 93 104 90 157 179 31 201 154 91 196 249 91 137 210 125 140 188 20 50 237 71 229 248 209 52 112 47 182 255 153 178 171 208 252 39 74 250 234 35 146 118 108 232 168 201 10 232
14 241 42 178 217 0 86 141 105 8 5 20 110 148 169 185 72 124 215 49 33 125 230 18 125 178 42 204 155 208 99 154 4 244 97 46 196 243 135 216 37 177 199 168 157 116 45 55 139 160 110 160 46 70 63 226 12 66 151 123 144 105 165 117 102 122 208 222 244 2
204 232 55 216 62 159 130 127 177 19 197 18 227 35 233 203 123 179 190 254 255 165 36 237 83 42 111 204 32 243 160 49 46 179 252 124 73 115 159 226 56 127 163 128 255 30 46 231 70 137 186 38 188 4 111 3 72 82 2 229 238 209 194 104 26 204 187 12 87 105
191 19 60 75 26 230 49 164 27 196 44 73 20 22 112 15 152 139 230 1 176 158 78 54 137 29 87 88 230 198 19 25 255 37 143 59 51 216 155 92 28 147 145 163 49 251 207 45 148 253 78 145 86 157 222 165 162 36 195 190 189 70 253 107 223 181 29 79 142 86
200 34 185 59 160 124 229 231 119 195 80 182 240 75 64 112 240 244 28 157 117 99 52 138 2 232 31 112 15 120 204 56 237 241 192 158 5 13 38 85 193 192 116 226 244 195 67 125 116 117 139 171 254 78 71 106 176 111 93 124 101 31 64 185 85 191 31 15 76 93
134 64 224 242 73 100 145 8 0 65 102 155 87 255 249 163 64 253 59 130 140 150 224 69 84 157 235 136 234 105 64 147 215 160 210 55 52 140 128 130 0 82 75 89 50 164 223 8 27 101 203 51 93 159 136 137 25 136 7 236 172 148 179 127 206 54 138 207 29 41
115 213 28 154 76 228 50 129 5 152 215 154 209 216 213 182 24 15 121 151 212 107 156 205 80 223 27 123 222 75 50 58 171 226 133 37 165 101 204 238 229 115 204 197 116 24 74 210 149 1 109 85 196 67 151 150 13 137 27 115 174 13 41 177 223 93 210 73 131 121
251 122 109 59 111 97 50 198 61 103 96 137 9 135 146 83 192 195 194 26 106 114 69 0 205 138 95 10 79 84 157 53 66 233 249 255 1 7 137 6 2 182 166 249 130 234 160 144 37 98 70 212 213 12 54 52 193 6 252 66 246 112 107 232 239 116 231 75 196 6
245 73 48 205 48 159 250 227 137 2 109 135 95 64 192 150 30 235 112 210 73 125 78 123 71 131 11 223 163 50 166 163 167 115 210 149 233 217 33 77 240 205 72 142 237 67 233 15 97 97 143 12 129 112 37 4 145 102 119 153 141 232 5 23 160 56 19 213 10 240
119 16 49 7 45 40 197 44 195 204 19 5 163 121 179 139 137 83 2 84 157 193 68 187 25 51 100 128 191 113 78 143 123 94 34 39 158 54 192 96 127 165 99 101 42 12 216 117 83 108 205 203 95 150 65 238 238 104 82 166 183 170 75 147 198 248 24 243 185 137
137 22 93 242 174 26 163 161 96 123 184 235 238 21 142 193 67 179 111 1 196 143 2 158 169 210 208 223 144 112 45 96 72 174 148 58 7 202 241 92 31 92 2 94 67 202 243 60 45 242 148 123 231 45 108 72 220 53 38 70 149 218 210 13 39 31 75 6 244 108
29 84 47 121 233 248 10 156 236 44 50 217 130 10 164 46 26 141 133 245 140 7 80 94 62 159 175 55 254 115 80 252 237 42 122 167 11 75 19 68 15 246 239 109 93 160 139 84 16 100 7 212 118 196 114 34 174 99 169 77 180 192 154 92 221 232 101 70 5 145
91 101 77 46 190 123 181 206 127 116 129 143 117 140 22 130 62 13 54 111 246 9 176 78 3 233 117 243 225 72 225 161 8 46 219 67 69 95 0 47 108 2 81 206 124 69 127 34 169 64 50 107 5 124 2 36 157 16 75 197 21 230 117 159 231 192 239 80 80 64
163 32 183 122 47 228 7 149 160 124 246 65 93 237 192 234 207 178 215 192 28 96 177 123 45 171 230 245 176 247 131 239 14 66 230 15 14 71 176 98 160 239 109 202 42 17 25 155 219 200 252 123 148 49 236 42 171 13 207 235 148 114 179 132 227 222 111 176 148 65
68 15 213 181 178 249 16 247 105 24 167 80 123 203 241 120 13 173 25 239 218 206 94 8 160 145 162 174 20 119 59 103 161 139 62 201 177 171 77 18 106 24 111 241 209 79 37 112 34 177 7 24 64 193 199 184 193 135 37 39 214 106 141 52 65 157 103 165 193 28
106 113 27 9 151 177 23 188 28 129 229 140 100 243 224 125 65 181 81 112 73 57 149 178 73 203 93 37 168 96 183 27 126 49 242 63 171 144 54 81 135 76 120 53 108 162 141 242 78 18 167 252 145 81 199 215 242 52 232 21 233 94 233 231 236 81 111 93 25 143
42 31 36 56 200 217 116 214 27 122 66 111 191 79 180 192 97 62 120 153 165 193 20 183 8 56 172 1 0 83 47 1 250 50 115 98 50 39 255 222 235 101 109 24 117 219 101 151 50 132 145 163 112 131 31 182 0 167 140 63 4 182 175 235 181 86 210 49 137 13
93 197 151 90 59 184 188 119 129 221 247 46 220 208 135 255 156 228 239 61 220 94 204 16 231 6 81 200 16 40 152 193 125 115 117 172 7 163 248 123 49 14 112 223 74 173 206 247 6 44 190 22 238 32 172 28 18 247 48 139 145 84 221 211 10 250 46 64 40 28
86 132 78 105 137 169 26 163 110 245 140 220 181 133 73 210 221 112 163 173 118 161 205 148 93 191 90 198 167 66 197 75 8 63 99 244 85 209 196 177 191 26 107 134 146 77 126 44 109 246 187 75 172 3 180 7 13 88 69 152 72 228 56 145 254 88 115 94 100 110
189 62 134 77 100 199 130 183 13 102 69 197 127 125 45 187 101 136 28 238 70 182 175 36 95 203 6 161 188 240 245 118 249 210 139 13 132 41 141 162 139 56 133 176 163 109 33 218 210 45 133 204 204 185 174 164 187 86 234 174 113 57 226 73 233 33 191 190 201 94
