149
49
216
73
27
150
132
94
205
205
155
173
13
210
43
212
148
164
245
229
8
57
54
95
7
40
126
233
235
93
52
3
83
95
39
146
31
106
177
79
38
178
27
51
29
148
59
213
130
85
171
17
41
137
139
55
163
181
247
158
236
45
116
215
103
51
195
128
166
169
34
95
88
244
205
44
71
225
10
157
214
68
8
127
155
59
194
132
9
149
214
79
26
76
177
3
132
33
82
25
87
231
4
133
151
244
39
22
185
130
121
43
11
36
35
41
132
55
199
76
6
36
186
130
240
26
120
104
108
80
95
33
175
230
215
211
253
227
31
130
26
221
93
65
85
177
127
136
17
21
59
10
206
68
12
65
189
10
75
45
50
129
12
231
248
62
61
152
16
56
104
222
169
145
61
46
226
12
191
197
169
60
133
171
13
3
235
248
66
118
210
203
161
157
196
218
149
0
248
129
77
99
202
63
22
85
66
173
86
8
211
206
93
95
18
137
24
122
140
188
74
66
96
56
216
182
199
203
57
60
79
34
53
158
123
27
43
229
205
93
81
37
255
74
246
145
70
135
209
182
76
187
142
134
82
191
132
54
130
191
245
73
86
211
122
177
183
74
201
249
178
8
182
207
38
48
197
98
80
232
206
152
30
70
171
209
215
211
206
200
134
151
74
232
188
221
163
99
89
79
