133 193 46 179 117 84 131 88 105 115 222 11 49 133 63 109 184 102 179 139 173 59 16 172 156 243 214 27 85 49 47 238 42 231 239 224 224 131 46 197 211 33 245 67 195 43 240 34 97 111 25 84 19 173 190 195 206 226 251 230 0 32 200 65 31 216 80 85 118 232 130 131 17 213 77
11 243 77 2 43 238 154 178 159 93 57 184 20 166 113 32 107 217 91 183 113 40 128 132 229 194 73 50 45 217 212 109 78 128 0 112 99 177 38 142 193 19 231 251 80 211 156 13 0 64 108 17 168 141 108 238 165 69 217 42 204 213 30 177 5 250 44 18 32 45 240 57 137 190 190
124 128 18 189 253 216 168 239 74 152 120 175 76 30 207 232 213 167 245 91 106 5 236 157 69 248 56 186 43 52 2 228 169 3 124 127 26 90 85 138 240 56 12 200 199 62 191 48 82 253 62 89 51 231 38 249 216 230 226 250 69 74 173 105 138 242 111 196 140 125 67 107 219 54 21
67 248 252 130 133 189 30 8 27 2 130 10 97 42 75 89 54 210 188 75 253 76 55 190 102 241 13 150 205 200 94 35 40 74 189 164 189 31 3 129 52 77 58 188 229 203 66 233 180 208 115 74 10 228 56 194 69 115 16 217 172 147 97 180 32 208 10 49 120 22 250 152 247 27 110
15 122 1 192 178 217 131 238 93 138 81 235 27 216 100 53 249 192 106 135 230 60 23 85 67 17 95 188 175 20 198 43 58 251 33 37 133 243 2 230 106 37 220 238 181 26 86 191 74 130 161 115 104 49 65 245 161 190 76 26 128 245 201 19 120 29 17 38 121 147 140 32 27 240 189
241 160 155 62 71 40 85 245 183 217 72 222 165 127 92 59 12 160 196 54 94 249 176 233 80 152 65 126 194 16 225 86 224 32 15 116 184 226 142 237 158 147 65 102 173 212 8 204 236 176 153 24 235 88 247 73 123 6 254 55 14 220 227 240 246 16 166 83 217 150 122 120 1 99 0
43 137 19 97 121 8 87 202 215 169 68 109 66 166 90 15 196 135 36 180 169 214 43 225 192 75 234 194 207 64 111 67 97 135 51 250 176 159 175 12 157 1 66 40 253 73 132 73 230 194 32 105 93 218 44 193 93 65 21 61 228 15 58 192 20 214 126 225 240 67 121 53 244 223 102
209 208 160 239 215 10 66 242 117 205 70 231 30 63 251 205 90 10 113 238 221 34 122 223 216 170 228 29 155 135 143 203 231 70 19 142 115 160 246 63 85 180 54 209 29 150 206 178 67 112 179 246 42 219 168 117 36 204 22 14 243 199 154 9 50 171 215 100 229 10 226 80 208 13 96
97 156 223 229 3 114 69 255 228 241 24 144 221 213 142 7 191 59 249 31 11 144 38 9 142 240 87 46 166 169 24 80 72 205 196 17 33 70 63 195 22 114 17 68 190 94 169 93 146 153 46 17 177 42 66 151 94 254 143 11 113 69 159 3 63 1 117 233 156 115 1 201 232 65 229
207 172 186 48 83 6 63 120 54 136 99 177 194 241 112 243 251 225 72 80 194 29 85 183 113 35 229 196 39 25 44 23 213 205 51 31 6 218 49 91 175 236 122 87 238 132 23 224 48 225 200 170 215 151 50 200 124 209 41 216 93 195 23 30 249 71 233 39 183 24 46 232 5 64 140
44 175 114 63 7 31 106 7 124 102 203 66 192 226 121 79 44 73 204 209 114 102 46 200 213 5 253 60 193 251 19 103 222 238 114 154 229 70 228 179 70 47 142 121 135 247 210 34 93 235 22 199 166 80 215 18 136 84 91 178 223 229 93 32 196 99 10 97 69 164 155 153 117 86 143
24 53 53 145 235 103 154 113 18 127 57 245 69 156 58 174 85 224 104 146 130 32 211 177 121 184 61 183 81 72 195 6 221 178 80 226 200 178 17 27 201 217 232 81 109 207 151 46 251 218 66 122 249 109 8 172 130 82 60 210 29 196 187 125 131 228 62 254 164 98 16 190 178 95 76
99 122 52 134 238 200 97 134 218 232 199 241 235 247 205 21 50 228 109 56 63 6 169 107 193 111 149 237 114 99 213 218 14 105 51 105 4 237 249 63 68 65 172 246 220 186 120 187 150 247 208 224 3 219 36 31 5 111 60 240 147 207 241 236 139 4 166 250 65 207 10 20 30 118 4
206 93 167 64 196 237 51 239 76 229 229 60 191 123 206 40 211 84 240 208 69 50 161 115 214 117 165 100 95 134 37 135 130 26 85 175 12 89 69 242 213 137 73 9 229 96 47 137 243 183 142 7 184 170 85 103 171 151 161 134 196 234 239 67 230 90 168 238 206 28 191 207 154 200 168
214 197 6 45 17 249 189 35 191 203 106 213 67 227 64 71 221 113 89 181 165 85 3 250 72 59 159 220 189 158 87 200 141 205 232 242 114 36 189 229 255 231 28 205 101 12 6 59 128 140 87 193 219 215 12 146 238 50 34 41 250 42 22 97 162 106 251 1 106 97 141 13 249 254 37
201 249 65 44 26 39 84 216 41 131 221 113 184 154 160 115 142 241 91 219 249 105 96 233 40 48 15 193 117 8 90 254 0 82 208 60 28 85 65 185 101 98 245 18 6 237 177 242 57 193 237 81 245 14 81 104 228 150 243 247 27 249 223 86 209 47 30 156 72 155 37 197 208 167 140
235 17 183 27 32 158 136 103 65 53 113 220 191 200 143 76 229 162 167 48 191 184 153 200 82 23 12 79 81 128 216 33 41 231 100 51 10 237 217 14 245 57 103 233 118 175 216 86 239 76 198 87 149 228 216 253 176 120 173 252 253 71 28 26 54 51 179 189 18 170 213 252 99 29 183
36 253 117 254 9 104 180 170 18 41 8 176 103 42 137 117 174 18 245 68 187 46 234 233 222 206 30 27 6 244 212 133 123 98 84 121 130 8 215 94 154 244 165 11 17 74 26 59 78 69 109 73 26 170 181 92 208 194 38 104 225 119 201 254 125 205 178 247 47 236 96 21 6 19 155
164 141 222 97 173 111 207 19 223 171 120 76 35 187 142 52 49 157 165 251 145 203 236 142 185 37 95 240 240 90 66 244 170 202 9 44 6 158 215 108 101 236 234 42 244 166 225 187 48 48 14 98 106 43 149 205 249 137 196 84 247 225 117 137 53 135 162 143 99 225 160 93 240 235 111
251 181 27 102 123 195 77 233 245 96 193 106 85 217 25 221 244 227 105 179 20 193 110 96 128 132 159 36 192 69 252 96 53 53 198 209 190 111 113 193 138 100 10 140 204 69 210 56 208 22 14 90 171 101 60 135 50 169 26 26 115 150 247 42 86 148 6 239 213 33 235 163 130 42 93
145 38 56 190 63 181 46 195 184 103 26 23 1 87 188 108 92 252 156 190 142 230 113 239 75 52 76 102 206 187 169 89 83 246 251 73 133 213 245 255 123 91 85 66 65 83 248 96 242 246 226 140 181 209 39 159 207 103 75 234 10 145 252 160 164 94 89 78 119 33 185 74 157 0 34
86 209 33 208 1 63 43 75 103 22 150 13 130 89 223 54 45 18 214 126 79 202 94 153 13 154 98 51 145 213 168 48 235 153 183 182 168 193 255 70 152 195 85 171 15 27 204 245 30 68 203 62 234 150 170 218 231 116 247 177 216 249 141 43 123 195 234 46 33 132 199 120 223 195 179
246 114 42 153 94 12 139 66 147 63 64 119 231 102 80 196 23 179 43 108 191 115 142 84 177 53 212 34 249 178 225 122 230 205 93 7 216 224 31 182 95 74 208 227 38 140 131 249 83 250 4 78 63 112 5 101 26 57 194 9 217 176 237 61 131 40 63 158 59 112 56 97 109 48 221
206 0 232 230 218 39 87 207 16 164 19 78 171 126 17 112 83 18 55 153 232 143 138 166 56 44 250 54 131 213 227 228 178 252 21 42 155 253 144 241 158 38 156 239 210 240 201 105 196 62 221 211 104 198 94 221 122 135 185 43 0 209 218 231 205 230 6 43 18 234 176 31 190 72 176
117 29 15 130 146 185 126 239 58 71 135 244 15 151 207 39 155 83 123 197 238 48 51 132 231 203 44 7 49 127 69 114 34 175 145 228 29 76 14 1 125 70 42 118 130 197 90 138 56 2 156 154 230 248 237 242 58 172 206 172 207 32 49 203 118 217 25 146 75 66 50 245 23 82 163
194 52 129 5 26 125 92 3 61 146 125 77 65 18 94 159 61 158 133 23 91 37 190 36 212 206 88 68 27 232 75 218 201 68 23 100 76 145 65 167 60 171 166 128 196 226 252 167 116 17 58 98 167 9 136 118 179 237 174 37 32 110 9 73 132 101 171 115 246 103 209 9 154 14 86
156 227 141 210 73 234 38 118 189 255 45 211 93 244 89 185 100 5 4 166 23 26 22 227 146 181 242 216 124 145 137 211 10 24 93 249 229 154 173 95 138 215 250 225 232 193 124 66 152 132 247 227 112 14 9 16 177 98 36 252 70 206 174 191 197 6 198 222 118 23 245 46 10 191 144
102 74 184 100 48 95 51 254 220 215 37 3 200 159 103 173 56 74 228 106 149 101 69 93 197 64 208 230 110 213 1 157 224 73 193 59 158 141 255 238 210 203 188 171 136 31 12 52 156 226 70 143 112 127 213 238 172 15 28 98 73 87 195 222 243 72 0 149 225 243 197 157 121 84 155
178 51 43 62 38 63 154 155 128 179 105 235 56 166 144 7 166 112 17 5 250 49 64 27 78 15 60 66 210 110 166 198 110 238 220 240 128 75 250 42 80 196 169 237 119 79 216 28 150 243 194 220 148 38 33 77 53 8 175 224 14 113 37 174 183 218 56 203 20 173 25 75 42 212 110
249 179 55 241 93 229 228 229 201 119 43 108 51 82 63 91 81 45 97 243 128 163 2 28 73 46 52 146 172 210 30 31 123 136 33 114 251 102 151 6 132 28 16 162 39 121 209 146 189 104 105 9 103 125 241 153 88 101 56 48 183 52 155 194 78 156 217 117 187 54 74 147 155 140 58
94 179 179 29 200 153 50 153 77 184 83 10 121 146 199 70 229 148 123 72 25 29 115 214 119 37 35 6 67 181 8 106 184 104 165 194 69 135 18 106 142 68 117 254 67 131 181 29 3 25 60 143 9 219 149 243 254 76 133 220 46 9 230 185 85 84 148 67 9 179 203 173 195 123 157
71 121 137 100 88 252 61 105 48 80 231 172 187 133 172 2 150 6 30 147 143 125 192 77 225 49 157 209 4 11 88 142 39 6 54 99 72 85 106 154 103 169 94 217 195 174 181 99 9 217 179 182 229 53 115 65 84 3 15 13 153 82 158 5 203 47 203 197 50 143 153 161 225 7 59
100 9 245 254 195 246 25 48 9 228 87 112 38 194 57 91 201 17 75 232 66 62 128 17 19 253 222 119 59 209 107 12 2 169 69 5 98 140 250 125 130 251 143 135 34 53 168 203 231 214 24 118 181 82 159 64 69 241 152 19 147 13 40 98 186 42 92 205 136 75 149 26 137 237 195
59 48 51 120 245 23 105 189 251 75 58 77 191 190 247 135 103 211 82 222 120 121 0 88 199 0 31 115 138 183 53 55 145 4 16 204 228 102 193 4 134 93 71 4 236 185 140 14 212 244 126 111 57 58 41 228 146 225 174 220 37 5 251 92 108 67 159 188 84 170 33 101 95 100 179
194 173 166 70 9 142 84 152 3 240 222 110 246 246 117 76 84 119 92 149 201 16 135 60 101 57 45 93 35 101 148 13 236 124 64 126 15 75 112 195 157 233 144 190 76 34 191 150 100 43 239 15 53 206 68 160 75 133 203 111 154 130 175 100 39 178 119 219 111 212 223 120 42 221 17
69 9 177 64 234 123 152 122 217 56 124 1 38 231 223 40 72 233 76 209 235 153 226 234 116 188 5 30 27 53 251 164 89 245 237 252 19 151 8 145 192 126 65 105 137 104 185 68 241 164 217 160 38 142 55 70 55 3 190 215 200 205 191 170 159 119 163 205 117 204 116 201 155 218 60
176 82 209 231 22 208 19 207 231 238 220 49 191 67 155 107 28 70 232 107 141 147 163 165 50 106 203 76 17 212 93 179 220 253 132 171 15 33 181 89 13 171 107 94 166 95 213 98 174 11 71 199 63 138 25 218 71 179 128 122 50 163 23 132 26 187 98 150 191 47 196 73 201 217 80
96 247 12 142 45 33 200 155 73 251 248 86 160 104 136 203 69 112 122 237 133 128 12 149 230 116 49 28 215 76 37 89 70 5 27 237 18 144 74 155 35 219 235 201 112 177 79 251 22 154 161 71 112 124 41 46 137 137 111 241 138 51 154 129 246 215 32 54 32 8 212 6 161 105 53
100 2 109 180 246 6 162 219 44 49 25 253 94 20 223 222 9 160 49 114 204 35 250 198 33 62 200 154 228 20 16 51 113 107 170 143 12 226 175 129 210 8 167 101 242 37 14 103 244 41 45 55 130 62 90 58 152 11 26 108 195 67 15 60 192 239 147 67 155 159 222 251 133 58 127
115 205 133 86 189 13 57 17 11 92 136 81 139 194 255 239 231 217 180 52 4 38 55 37 96 151 100 121 240 9 157 124 190 33 114 129 105 142 54 41 29 20 142 43 104 40 198 165 38 237 190 1 54 192 35 7 16 168 214 205 170 119 75 29 56 215 190 79 248 102 52 212 220 28 156
173 223 128 74 240 54 108 242 252 129 131 27 162 57 58 140 148 179 165 41 67 90 12 176 200 200 59 188 9 156 219 9 169 78 45 91 55 139 173 245 16 104 252 79 21 25 186 176 53 1 237 211 145 171 49 236 126 250 75 89 110 26 205 26 170 125 120 203 238 5 133 218 197 113 217
114 132 66 174 43 133 119 242 86 75 7 95 168 61 43 124 224 33 253 178 109 236 6 84 22 250 163 178 122 37 31 148 146 167 14 29 105 62 159 73 74 231 26 37 74 234 100 138 255 61 113 35 222 26 169 221 217 17 242 2 132 61 168 167 92 234 224 219 19 130 119 186 241 130 64
96 129 14 194 252 191 29 77 72 33 18 176 161 185 70 246 90 177 176 220 143 111 217 69 249 234 97 104 39 38 150 202 65 30 27 35 95 191 206 150 170 196 163 193 141 86 118 132 226 77 214 229 247 236 10 12 189 222 192 167 83 137 92 32 200 81 14 81 114 46 127 122 117 20 199
22 106 15 62 158 149 132 106 111 3 241 222 29 81 255 220 119 247 41 24 161 3 227 127 252 75 106 193 33 123 65 191 99 53 239 153 225 153 140 187 134 222 199 114 76 230 238 61 235 139 200 23 78 179 104 34 136 197 144 183 246 254 113 122 117 198 25 26 92 209 155 79 179 188 144
229 80 60 117 58 70 58 149 241 78 175 214 193 129 239 24 53 10 103 132 228 167 201 183 244 119 251 14 197 145 43 191 15 211 87 73 31 94 34 44 169 159 77 39 21 173 2 200 92 151 43 152 91 223 168 189 41 219 131 8 35 5 229 13 63 247 63 66 91 148 61 74 1 181 132
129 148 81 145 129 188 10 241 97 40 197 154 185 112 197 128 108 132 136 86 175 63 57 100 24 140 178 114 144 162 28 43 84 206 198 35 201 24 81 216 74 232 215 64 17 55 180 121 160 39 142 216 55 50 108 187 196 193 211 79 47 32 174 56 45 34 19 21 195 58 203 15 109 65 32
253 233 53 84 97 112 217 179 192 107 69 67 158 91 101 150 83 92 189 112 87 78 174 188 168 16 17 244 34 241 135 248 235 69 173 77 243 18 113 187 238 67 91 13 169 31 131 0 139 14 105 207 171 131 95 32 19 209 198 77 3 170 88 179 200 3 107 204 101 68 7 4 47 49 132
69 67 193 213 78 38 171 125 92 61 64 22 97 175 131 87 12 245 156 236 13 145 37 46 104 90 34 55 30 184 57 153 96 1 39 47 10 19 13 30 152 110 4 112 144 16 1 207 192 61 190 107 156 18 79 114 39 150 145 233 200 6 212 229 40 162 234 208 156 91 215 30 217 231 5
175 236 60 19 131 143 16 164 214 233 20 34 206 196 131 178 101 172 140 106 160 44 238 189 241 222 45 13 142 128 117 107 249 212 209 15 103 121 22 180 160 154 38 158 199 129 203 236 65 112 197 0 253 92 200 21 165 38 138 77 64 181 170 246 53 59 19 23 129 19 66 58 166 64 85
65 131 212 190 188 187 227 54 213 149 228 163 5 194 183 121 214 126 182 150 21 58 54 107 119 62 218 249 115 47 16 209 72 81 240 91 29 134 111 195 16 46 242 98 72 159 238 121 98 116 55 103 33 145 201 17 46 236 147 12 191 67 77 19 182 133 76 230 172 94 100 64 167 16 126
89 204 185 176 140 52 48 36 229 110 54 66 13 112 212 31 218 148 3 24 115 125 146 226 183 73 163 182 62 130 170 20 255 218 255 52 241 182 141 13 1 105 36 120 120 203 122 67 88 36 136 212 84 48 152 122 248 238 223 175 84 14 31 70 170 12 148 189 66 136 202 210 206 212 81
146 15 148 62 138 33 18 175 177 0 41 254 123 24 10 24 216 113 101 51 56 68 136 24 61 246 109 212 138 240 83 133 9 130 72 245 78 254 246 35 25 63 64 148 253 251 252 157 191 249 17 99 54 119 76 95 90 74 103 60 146 179 124 209 2 147 0 211 185 183 238 87 19 221 90
15 230 34 144 251 101 121 149 80 147 132 88 250 22 111 42 56 129 118 2 5 189 158 39 156 46 171 120 192 231 49 61 32 8 67 80 42 210 161 218 152 6 114 140 15 134 81 181 102 117 8 240 167 51 144 111 205 3 87 103 68 213 38 203 148 21 40 161 106 45 190 239 66 112 157
229 55 212 233 112 141 29 26 146 218 104 232 170 8 117 205 165 70 247 174 113 255 115 206 107 231 139 57 137 6 240 206 48 44 209 55 106 10 238 180 253 205 250 250 146 133 39 157 122 253 241 147 195 224 180 132 252 16 227 219 129 91 215 24 24 56 130 164 203 246 173 242 25 227 34
66 167 147 36 159 209 11 3 103 81 185 43 121 170 30 172 55 63 239 160 2 19 160 122 171 223 50 47 210 150 252 213 67 54 191 243 91 241 106 107 77 2 54 150 236 249 52 181 144 252 170 126 100 176 207 19 196 185 115 143 107 221 49 236 9 216 83 81 228 56 120 223 109 146 112
246 244 48 249 54 85 222 194 21 34 156 196 27 97 77 66 28 212 229 149 252 189 122 207 208 133 158 23 95 115 34 209 162 172 53 67 237 173 199 134 61 198 112 175 162 22 72 16 91 105 185 200 253 24 204 163 241 73 205 149 153 53 223 143 164 236 170 151 98 148 143 244 162 242 217
84 183 125 213 202 208 86 121 88 41 203 82 13 111 29 102 93 190 231 75 113 181 184 149 130 140 183 209 168 75 144 236 195 92 23 244 46 182 159 159 83 86 125 159 103 16 57 215 99 13 112 124 232 44 9 140 43 254 12 237 108 159 173 200 192 250 146 225 171 112 213 62 205 150 234
131 0 88 146 240 53 73 227 74 20 207 180 181 143 183 248 86 0 53 75 250 211 24 247 182 120 142 76 97 108 246 38 228 228 69 200 157 98 11 98 9 148 172 119 173 125 179 94 184 73 141 211 201 129 173 38 80 43 239 83 81 44 59 219 59 25 99 217 68 23 210 68 28 120 65
25 30 253 147 64 83 177 109 102 134 252 201 210 27 227 252 50 148 32 210 109 229 201 5 140 187 231 181 38 254 114 251 105 134 116 209 78 105 89 93 89 246 213 60 227 217 134 76 99 128 94 10 32 8 169 134 190 185 186 10 152 44 56 65 15 63 187 171 215 128 237 22 60 102 180
190 187 58 195 173 216 177 140 224 190 188 217 158 90 184 68 70 126 132 244 12 161 198 110 179 205 251 91 133 160 179 87 160 37 79 127 179 105 158 109 191 32 51 159 45 248 10 133 107 80 172 186 95 214 38 74 240 6 227 58 227 137 176 137 56 91 229 81 193 254 101 102 103 95 194
5 65 254 155 15 49 195 76 205 25 26 202 193 223 194 102 49 59 186 136 219 36 79 42 117 83 220 209 3 58 199 231 204 4 212 229 14 186 219 137 130 66 99 241 92 244 180 139 37 217 156 167 40 8 207 27 65 85 210 133 181 190 221 117 203 218 76 172 66 221 30 186 28 104 153
214 92 124 229 103 128 122 61 244 190 229 49 175 159 30 108 156 92 116 70 56 42 95 40 142 16 58 145 26 134 186 2 116 89 162 85 41 49 204 91 17 63 92 189 202 48 64 60 142 170 34 77 190 62 15 122 174 57 46 111 141 202 204 24 102 250 213 134 18 183 185 14 151 146 137
236 87 249 234 89 148 74 240 249 201 196 9 178 1 50 93 201 52 42 192 163 149 162 59 178 219 225 119 234 229 81 91 228 185 122 91 199 46 121 18 98 23 29 101 2 13 22 116 221 169 44 183 228 26 196 44 8 55 246 161 108 143 132 149 55 122 75 125 121 49 77 169 209 109 37
80 162 108 134 44 5 69 68 99 218 244 211 35 96 87 141 37 32 202 198 90 252 116 93 195 66 38 221 237 234 217 210 90 196 66 108 186 206 26 5 225 33 35 110 63 160 252 11 235 17 78 91 164 254 94 177 35 220 87 61 40 245 83 229 36 199 60 0 122 184 21 75 150 82 58
9 128 233 227 155 128 121 163 32 180 14 211 182 208 181 224 249 174 229 114 115 184 183 129 232 199 179 187 164 65 253 162 33 52 35 87 132 93 108 252 221 16 70 168 218 73 61 166 84 251 98 87 201 153 149 17 109 78 249 115 214 105 148 133 107 211 19 127 234 140 148 77 208 50 215
241 214 250 166 82 5 209 19 238 140 7 116 247 220 109 130 150 61 144 183 17 6 222 115 252 116 209 217 160 55 98 152 92 175 202 130 170 100 140 0 115 161 51 217 247 81 154 196 125 219 22 218 185 172 18 157 1 178 195 158 48 115 227 25 238 204 96 28 179 163 83 137 133 242 151
133 109 19 193 208 114 66 167 242 145 86 29 58 126 204 179 250 241 165 92 159 213 160 249 5 61 102 197 94 121 166 5 233 68 245 173 0 202 37 77 223 170 54 1 78 180 153 59 197 233 122 180 240 71 224 139 159 211 117 190 224 229 130 81 166 50 221 133 216 94 121 205 197 139 126
22 18 10 122 222 130 166 100 216 5 231 11 126 206 81 17 242 27 53 151 126 14 33 160 167 132 234 39 192 164 109 33 223 32 240 184 119 17 39 190 238 97 254 50 152 216 61 186 39 248 73 247 68 90 186 78 61 147 191 248 92 80 246 58 105 35 127 162 156 147 169 115 212 237 211
32 241 46 27 173 87 225 56 230 170 242 30 16 4 144 23 38 57 205 111 8 242 94 19 31 196 193 5 162 247 76 135 191 230 234 232 221 143 115 92 207 124 24 128 222 14 222 56 118 43 118 164 183 43 51 3 208 73 187 49 2 102 192 180 47 192 203 250 152 82 132 207 250 248 212
198 219 89 35 105 43 88 68 155 129 66 242 119 208 219 4 119 230 99 64 211 211 213 67 184 217 163 137 74 81 110 11 227 94 254 24 206 185 60 17 79 203 82 167 161 12 220 233 177 63 124 149 52 20 170 185 139 252 65 187 2 164 122 11 149 156 64 100 30 66 73 128 101 251 57
128 111 15 125 54 131 44 134 5 69 134 75 227 42 227 254 130 4 208 7 17 4 125 97 139 194 224 33 179 63 198 79 51 171 177 133 251 199 122 86 208 24 22 58 143 128 56 238 246 158 98 36 154 88 215 78 152 106 62 129 68 120 134 245 253 152 154 112 32 225 23 78 221 68 49
167 152 54 113 135 210 52 219 168 121 127 133 163 186 128 142 102 123 155 229 100 164 3 99 112 148 74 89 114 45 229 166 206 252 97 137 162 211 6 208 192 166 39 197 220 156 220 203 114 222 207 68 155 135 141 251 193 129 84 32 211 202 232 6 129 38 87 134 54 220 85 9 124 127 163
182 105 216 21 251 110 68 212 148 8 131 92 11 205 182 250 103 172 4 169 221 185 59 129 44 62 240 183 7 25 233 184 83 184 43 254 221 127 65 217 215 56 202 57 82 159 142 205 44 116 159 81 126 1 89 104 209 201 94 50 246 15 178 124 248 179 120 62 211 140 130 86 229 115 227
2 111 85 46 147 155 254 60 180 99 70 57 246 250 215 248 143 100 41 7 217 134 117 246 158 162 224 91 244 249 105 81 62 168 197 229 177 47 44 65 29 208 171 231 234 197 232 171 112 99 57 80 81 1 168 138 37 226 224 140 143 121 185 109 54 84 59 145 251 154 228 190 160 89 41
27 80 178 236 51 68 118 104 111 5 74 93 228 191 129 175 1 56 188 82 63 83 228 105 135 111 227 236 37 166 253 205 168 144 16 182 184 244 244 189 236 154 18 219 63 184 100 110 3 156 157 183 243 60 31 69 24 208 152 137 127 178 242 109 81 112 223 225 209 204 169 197 179 214 242
117 119 58 72 114 184 144 68 79 161 198 46 163 64 27 155 145 13 154 14 190 103 120 217 171 15 247 222 161 248 51 182 155 23 152 144 62 116 187 143 17 157 249 101 97 203 207 161 245 227 178 203 31 8 185 206 252 38 117 30 37 254 167 171 209 63 82 8 9 136 161 113 120 182 131
75 236 88 150 128 35 162 227 63 253 235 196 153 175 122 168 221 67 28 238 218 137 112 123 28 33 156 193 144 201 145 19 157 178 63 29 14 165 40 43 94 107 172 128 4 83 93 111 124 220 19 177 146 20 38 87 172 223 222 71 43 149 221 83 211 56 221 131 83 186 249 28 25 255 124
94 88 74 77 105 72 41 250 16 236 153 214 209 219 232 164 81 170 209 172 115 62 168 164 106 78 221 34 21 80 151 21 29 12 157 5 32 60 158 58 235 123 90 33 90 218 71 175 65 82 41 159 226 110 86 53 19 252 21 146 183 213 68 78 128 15 36 185 242 229 96 192 27 218 125
66 138 85 24 200 226 166 250 247 220 184 209 245 235 158 164 96 103 127 111 178 56 98 183 236 101 53 110 93 205 12 77 238 85 242 51 202 145 220 65 102 168 167 7 249 111 222 23 24 81 81 115 67 186 82 186 41 181 69 11 38 97 178 88 106 94 244 51 144 248 137 92 93 189 39
78 191 224 76 60 231 120 224 98 89 156 95 103 254 227 95 235 227 188 243 174 0 95 215 48 66 101 220 198 214 236 24 134 254 69 40 103 193 48 4 118 155 43 239 219 141 100 95 140 63 255 86 196 89 214 63 206 83 191 1 15 152 133 159 6 72 36 148 38 182 118 238 64 126 234
36 21 57 131 169 152 54 201 186 79 229 0 40 233 220 197 122 250 245 69 139 22 45 131 87 246 194 84 92 127 166 155 146 239 12 56 56 193 208 197 59 228 232 186 109 42 71 116 220 56 105 226 70 209 120 63 122 125 185 243 47 39 252 134 227 9 221 240 239 181 78 57 3 53 174
236 65 235 244 91 155 228 130 211 169 207 176 106 77 66 114 137 200 3 68 160 82 162 107 255 87 164 127 143 5 163 243 44 84 30 13 203 40 91 124 232 63 206 26 52 24 181 171 38 82 125 174 60 135 174 234 15 252 18 164 228 212 124 167 248 173 42 86 111 245 9 247 10 230 219
153 252 35 51 245 157 180 241 164 154 30 219 255 26 183 218 41 209 210 158 32 73 106 77 152 36 91 209 143 56 147 17 112 237 196 180 155 32 81 158 8 110 193 241 28 104 232 170 193 221 230 55 147 210 155 84 105 71 57 95 116 190 173 13 47 237 130 185 222 240 127 250 38 228 139
91 116 239 184 56 130 216 254 88 106 91 190 222 158 90 221 163 86 244 144 94 75 213 243 64 90 151 125 166 226 173 198 95 98 24 224 134 20 211 153 102 26 194 79 55 165 169 47 41 133 229 12 212 254 47 143 111 173 165 23 20 17 229 62 192 176 239 229 219 123 54 237 130 77 178
187 235 187 98 216 253 224 93 59 254 117 15 141 103 144 99 147 24 73 22 109 137 250 50 78 138 134 199 93 206 246 10 172 214 169 191 194 126 40 120 210 41 10 107 79 9 218 207 29 58 115 113 75 240 58 74 196 105 82 169 44 48 52 161 215 186 2 165 133 201 83 254 159 76 38
153 247 228 28 107 231 189 36 237 26 113 149 225 21 6 77 230 45 153 181 116 249 139 161 63 109 35 172 173 201 201 63 192 111 8 150 186 13 21 182 194 165 181 237 184 35 39 185 183 128 102 78 252 88 0 253 155 172 58 197 58 55 170 224 121 35 90 202 142 112 7 162 255 192 194
2 41 60 228 35 114 23 211 79 222 255 126 118 202 10 37 44 239 120 33 15 105 242 194 253 46 122 224 224 190 120 24 109 211 83 245 112 117 186 92 115 162 171 137 113 131 12 90 28 230 3 133 160 251 253 85 12 25 24 159 28 36 172 60 25 105 126 16 254 189 14 227 93 145 105
54 252 153 154 171 58 155 32 22 247 182 243 242 110 85 38 33 236 200 237 253 209 134 108 204 195 66 77 219 166 246 221 112 180 8 236 118 174 97 175 58 88 215 50 5 176 92 207 1 245 222 229 169 121 47 97 1 235 150 235 194 23 190 186 143 234 46 222 251 171 51 126 186 140 203
75 209 210 12 72 87 84 230 34 138 141 43 140 66 16 77 90 1 250 71 101 125 21 7 221 159 177 237 197 212 44 143 96 118 176 215 3 63 114 226 120 4 177 236 94 136 191 214 112 82 122 229 42 159 81 225 67 139 211 55 59 153 226 160 2 43 240 142 153 111 204 197 223 226 18
200 81 10 38 21 124 239 68 182 185 209 136 186 76 190 148 121 9 41 111 31 81 143 92 74 69 129 235 21 247 200 79 125 50 184 44 62 239 114 250 227 42 233 127 72 17 186 37 142 152 12 97 53 235 163 214 37 2 247 24 169 234 67 174 128 74 170 143 162 231 79 119 11 156 246
150 169 126 120 157 194 217 40 75 193 68 114 87 7 26 3 52 170 114 3 11 188 154 98 87 71 66 102 68 8 24 183 90 191 50 146 46 37 125 37 171 250 15 191 18 21 205 205 214 141 205 87 122 9 126 143 251 23 183 36 227 213 238 73 48 185 94 184 200 248 54 33 173 185 127
217 48 184 123 33 215 228 161 3 89 180 4 147 148 124 189 84 214 190 36 140 66 151 175 229 46 24 155 146 248 102 124 39 153 109 253 165 17 167 160 234 108 193 225 79 161 51 109 227 226 164 215 28 139 204 95 162 199 164 71 135 108 31 114 171 59 52 210 56 90 203 166 220 243 23
239 98 210 59 90 52 138 159 132 139 77 141 67 245 74 81 221 110 156 17 4 126 154 187 24 16 233 28 76 37 109 46 223 91 179 229 151 225 175 166 64 12 80 252 219 239 184 125 36 228 146 193 1 220 162 7 7 204 192 37 86 160 12 93 21 243 16 206 174 248 231 173 67 114 247
113 175 167 179 196 212 183 83 137 81 219 92 235 139 25 161 127 196 249 13 98 88 174 63 242 63 76 77 10 96 125 33 14 96 107 68 231 183 139 189 80 2 149 83 94 187 221 153 65 171 75 212 204 98 172 194 26 210 36 4 84 126 236 217 137 13 164 222 138 159 122 204 23 0 228
4 53 11 126 29 116 15 144 240 16 177 217 34 23 217 205 3 102 246 217 193 236 47 171 202 139 35 85 88 66 107 26 122 7 136 196 184 112 250 119 120 211 206 0 165 163 151 227 219 59 226 40 223 83 166 51 245 223 166 78 127 231 7 222 86 248 212 66 187 84 228 201 226 49 174
19 121 157 236 56 214 30 250 84 134 183 131 122 220 32 73 130 202 141 169 36 169 107 43 106 169 193 19 43 67 202 86 221 160 68 184 175 192 100 174 6 12 52 115 134 136 21 90 29 145 88 202 193 118 231 193 171 155 60 218 61 47 118 165 234 42 198 36 1 158 95 236 154 33 68
153 61 3 250 255 94 172 63 187 8 56 150 143 162 36 119 8 118 254 212 186 71 109 120 172 170 121 19 74 190 14 242 11 127 243 34 100 86 252 83 39 8 129 165 146 175 30 172 36 3 133 185 125 9 44 23 193 245 118 228 79 148 108 1 249 210 49 198 206 154 2 191 136 23 245
42 55 181 43 20 116 31 251 214 227 66 210 155 231 179 72 126 39 204 170 147 208 41 173 7 253 25 121 57 253 232 154 172 245 60 245 21 155 109 12 178 142 18 143 79 66 61 250 242 203 221 35 233 12 246 137 141 59 5 110 11 11 238 152 92 11 218 129 222 207 230 183 36 217 172
65 142 229 125 207 216 156 188 105 247 64 204 175 42 253 231 224 101 11 162 134 96 179 15 168 30 202 38 248 133 19 135 78 18 110 47 104 41 40 148 192 47 15 67 111 225 231 55 251 138 45 133 217 173 109 240 47 183 32 5 73 149 50 194 122 49 157 82 59 193 105 185 132 116 43
121 208 69 184 126 5 238 212 92 97 22 145 93 245 142 55 224 211 198 240 43 173 221 93 187 180 166 116 204 16 61 29 229 7 48 26 59 69 165 71 75 231 71 134 94 200 189 95 97 19 68 116 115 161 29 80 36 151 198 135 178 226 97 65 157 35 54 80 11 99 121 134 98 207 10
35 193 163 28 137 50 17 119 252 80 181 20 75 169 16 47 91 31 170 14 173 124 246 71 166 166 209 187 210 181 246 146 151 62 167 111 23 185 154 6 71 190 33 104 188 92 138 46 249 250 116 11 159 85 221 119 196 63 246 16 120 200 130 4 53 30 154 18 89 17 152 30 179 163 227
27 62 172 119 45 13 48 173 78 177 96 84 195 67 93 127 109 122 33 234 183 37 70 22 232 140 85 164 79 22 133 179 86 91 210 39 39 92 248 118 12 1 219 108 188 131 65 31 68 203 28 90 60 200 160 122 37 108 67 43 46 31 2 42 232 184 95 202 163 247 101 101 142 169 175
223 223 8 93 238 25 15 121 48 27 86 181 117 180 86 19 72 183 66 233 75 124 164 17 164 131 167 19 95 244 221 46 76 153 81 143 33 120 183 204 130 135 169 126 186 180 84 127 35 69 123 28 143 212 9 255 78 177 55 234 16 16 203 157 75 62 138 173 37 180 31 149 149 75 205
228 237 193 0 196 205 26 64 184 205 96 211 149 82 86 162 242 37 61 124 140 140 72 113 7 7 110 10 22 5 63 5 159 68 239 90 239 220 168 92 64 59 31 117 119 209 222 84 114 19 249 229 235 254 189 155 135 70 41 54 54 20 142 90 90 84 226 144 77 173 195 175 232 144 3
114 196 128 169 137 34 131 235 121 91 40 238 203 198 227 205 89 179 33 145 255 114 255 249 78 27 110 243 158 7 85 153 98 26 186 124 192 38 215 239 181 14 168 89 59 101 195 37 48 140 174 150 160 14 241 239 20 53 243 72 164 32 216 14 16 192 205 133 37 23 17 54 202 98 159
210 73 41 39 171 3 106 235 208 28 120 14 192 21 177 210 253 183 189 183 41 196 127 117 53 107 170 7 22 149 61 156 5 59 157 77 0 58 12 42 54 75 211 116 29 44 0 117 245 218 54 128 240 187 210 69 247 126 58 138 232 170 153 31 65 93 245 244 179 22 16 219 120 44 27
242 167 198 254 130 224 10 219 28 59 165 242 140 198 59 12 130 56 64 110 91 42 19 209 204 27 64 1 237 128 146 95 23 78 175 182 253 246 49 159 176 154 166 227 98 186 190 114 125 82 166 138 234 27 64 248 251 126 83 99 125 137 68 150 176 197 117 134 162 251 237 185 37 213 212
139 24 84 152 221 134 239 237 139 113 162 127 80 119 68 40 198 137 120 66 86 197 103 249 225 22 7 234 213 61 101 210 72 239 24 77 172 125 61 159 140 58 153 12 118 230 73 22 66 39 225 125 120 17 75 32 249 175 147 192 219 150 39 4 228 45 124 19 229 120 208 10 198 234 153
213 227 44 219 56 166 191 93 174 101 63 148 92 159 71 101 181 42 100 185 74 71 234 201 55 230 140 56 101 153 25 57 210 35 19 72 40 112 24 41 93 200 3 142 38 32 134 44 154 109 133 30 63 168 247 0 90 159 25 15 26 186 1 49 141 214 69 207 158 29 35 169 83 13 70
74 116 22 162 103 45 116 6 45 227 155 13 195 94 151 134 35 139 101 136 44 179 213 153 151 124 221 70 127 255 8 129 158 196 87 139 89 192 136 7 233 85 223 173 234 200 167 129 222 164 139 63 150 14 161 227 117 57 161 176 110 163 169 87 15 84 35 210 139 179 214 154 217 154 23
80 57 38 130 104 57 84 32 228 64 27 16 73 253 160 199 121 230 79 69 197 231 71 220 47 13 222 92 127 9 102 208 161 238 229 5 109 32 217 169 20 139 87 127 22 172 129 27 135 149 49 190 63 242 16 10 59 211 8 194 25 24 249 15 235 245 18 53 53 103 218 245 31 20 253
68 253 172 246 137 54 229 225 96 90 42 213 73 174 12 4 107 61 112 60 101 109 193 70 93 181 92 203 240 205 197 72 194 95 74 25 67 230 140 247 161 125 238 11 146 159 27 249 122 55 148 166 184 204 162 243 169 164 57 209 18 162 17 156 100 23 132 254 57 211 179 231 142 207 103
209 72 160 101 250 157 228 215 54 31 104 217 225 17 101 199 204 158 128 211 27 167 32 187 226 136 238 18 149 244 206 116 49 140 208 22 64 18 122 20 134 71 170 73 7 132 248 103 75 197 210 149 68 225 122 205 27 211 226 157 44 171 184 223 132 242 76 187 92 235 218 56 202 140 157
82 214 71 85 163 99 254 67 104 142 225 164 186 199 183 5 248 141 231 155 193 45 159 117 90 137 83 67 111 128 219 164 139 184 64 193 234 218 93 121 158 60 148 99 85 245 18 77 204 206 167 254 101 244 203 214 128 155 239 114 33 79 65 60 58 28 92 63 217 247 179 90 74 126 36
191 128 92 249 244 222 99 124 123 9 184 41 112 228 41 213 254 146 150 61 84 83 118 46 67 145 65 100 98 167 239 63 201 187 92 158 202 58 172 15 61 126 192 68 56 175 213 93 240 224 139 253 239 178 161 175 145 54 63 13 248 54 193 131 248 43 180 48 197 200 237 144 35 94 213
79 134 49 198 205 36 3 69 27 58 157 191 116 140 112 127 159 140 235 81 127 38 12 186 217 125 101 142 1 149 157 170 52 181 6 194 179 242 230 247 106 200 178 150 56 149 84 229 50 213 206 228 89 23 151 97 109 104 30 177 209 137 3 28 54 64 5 33 169 170 13 7 26 64 6
151 74 48 58 218 193 12 202 20 250 229 183 90 192 176 9 12 45 105 163 145 16 33 21 255 250 201 142 105 80 46 165 53 19 229 129 111 246 193 168 224 159 249 45 250 107 59 81 94 173 52 121 166 60 71 142 0 2 37 233 209 216 106 72 102 70 201 181 157 44 36 67 143 92 238
113 5 150 220 147 160 131 21 36 63 247 126 106 92 193 180 9 1 101 6 73 237 56 155 30 135 51 131 19 194 96 118 128 143 165 194 73 131 176 116 192 236 255 119 182 178 106 232 120 143 127 133 206 123 22 251 229 133 112 107 12 74 50 157 65 168 122 92 65 198 97 227 153 196 208
52 224 249 223 137 154 219 17 22 32 135 203 134 192 174 55 210 20 81 252 252 255 46 50 5 132 70 84 206 42 117 217 22 3 79 249 117 209 230 32 194 245 182 152 227 196 230 255 155 91 101 163 30 133 11 103 233 231 8 35 254 81 141 71 175 202 198 44 72 240 126 192 157 201 154
103 193 242 206 219 46 244 95 63 252 29 121 190 68 104 79 43 158 106 157 78 157 165 238 212 2 195 58 236 15 43 14 5 199 211 252 87 91 69 143 67 68 123 235 20 1 133 50 181 79 240 223 38 10 66 49 92 116 94 26 150 119 44 122 39 7 161 37 163 187 5 219 224 47 240
53 80 132 17 126 221 65 251 165 103 248 83 200 4 22 65 131 96 237 116 137 62 107 245 36 37 132 187 219 158 151 74 63 97 92 76 6 120 198 18 193 72 202 102 200 145 49 116 112 231 125 39 43 14 90 2 227 97 70 92 146 66 233 126 246 129 160 188 179 166 22 104 189 63 131
169 129 14 8 136 180 175 243 188 74 163 93 32 206 200 253 84 241 122 149 129 133 4 148 104 134 109 18 220 12 216 172 210 206 124 84 198 84 225 99 21 136 254 182 212 162 231 253 29 10 98 30 89 232 14 72 127 147 194 8 130 30 199 166 128 205 215 119 95 106 197 181 160 128 250
209 122 152 89 160 88 142 3 133 45 192 116 21 151 183 43 15 26 131 201 78 2 81 102 246 101 215 75 228 247 164 124 32 183 168 14 108 30 110 184 226 175 222 152 41 40 198 14 81 33 229 17 236 165 185 203 20 12 229 125 210 91 133 134 42 87 201 14 4 252 87 135 162 215 23
240 36 255 27 143 94 23 173 225 8 92 7 77 115 161 235 190 23 102 155 11 114 173 226 12 98 206 232 231 6 143 87 80 241 1 18 141 162 252 30 40 90 59 63 70 196 109 27 150 196 166 117 11 112 187 21 26 252 38 58 109 225 44 9 22 69 158 6 214 142 144 184 176 218 110
111 2 35 48 33 31 92 29 48 10 178 142 48 81 58 65 65 171 136 180 67 71 146 243 188 119 125 215 163 52 214 197 85 130 105 229 51 208 127 236 241 170 108 51 125 27 111 186 245 207 187 123 109 243 14 81 83 112 34 164 10 22 198 107 126 252 125 177 3 111 210 255 47 136 146
147 103 85 58 229 136 30 131 106 3 199 152 10 122 195 21 138 45 68 196 226 204 122 32 6 191 0 206 171 248 117 41 112 255 14 82 127 254 2 45 38 24 237 227 177 190 170 23 90 11 237 239 155 38 118 247 11 81 91 182 170 2 14 67 93 234 138 108 131 52 231 96 164 129 140
13 149 190 149 199 180 207 34 107 11 218 30 180 139 137 160 230 241 232 33 121 118 83 129 175 138 216 26 192 128 95 46 57 178 209 79 99 222 38 205 227 120 93 17 251 229 195 20 159 8 74 246 132 126 95 155 182 94 32 251 126 149 205 145 88 126 1 76 241 175 193 247 239 169 47
191 111 105 155 126 146 140 208 114 75 252 158 157 69 193 152 60 81 23 62 126 85 12 40 126 95 3 18 23 201 234 149 37 105 111 48 125 112 67 229 96 44 235 150 191 225 235 180 92 80 148 119 1 128 38 173 137 228 191 47 162 3 124 19 236 50 101 95 133 117 212 221 128 210 114
13 165 2 148 158 192 197 126 181 109 222 162 34 93 115 127 96 2 198 45 14 169 123 150 50 139 159 166 154 148 76 100 62 99 220 212 129 35 198 204 80 196 13 49 225 203 222 252 145 210 244 68 253 15 172 164 207 46 248 193 5 155 115 162 255 222 184 218 247 125 173 197 175 122 52
175 208 208 229 238 143 141 69 64 66 68 81 106 161 158 153 63 6 182 62 204 32 126 84 204 197 24 128 118 129 1 75 110 29 191 40 151 64 106 124 92 50 136 214 123 225 60 139 178 192 215 216 220 85 20 72 171 38 225 219 190 58 244 253 88 195 170 111 236 247 89 198 85 30 215
250 218 176 22 62 56 11 61 83 13 6 226 229 186 77 69 145 67 176 159 184 1 7 16 140 17 133 34 4 6 107 52 44 244 7 218 211 220 7 219 156 45 52 1 237 84 52 206 63 23 213 155 55 156 119 7 243 140 79 17 159 231 59 43 5 173 200 118 90 8 245 78 106 184 198
13 86 226 133 213 220 211 26 132 110 133 111 182 3 53 115 24 220 19 200 236 236 111 83 32 217 23 204 171 90 134 147 156 118 81 88 206 167 150 86 97 221 158 243 173 98 215 66 56 11 121 88 236 48 204 38 250 239 183 188 226 114 124 174 111 215 171 7 123 236 123 158 160 150 5
45 45 0 235 70 105 175 166 81 255 210 166 196 182 75 120 111 211 8 13 197 103 189 81 90 142 197 153 157 101 108 10 227 213 158 133 27 224 43 55 139 175 149 33 186 194 203 214 222 158 182 234 60 117 28 130 49 97 92 179 24 84 51 157 34 168 109 90 27 166 214 77 56 26 37
36 170 164 50 44 70 136 1 144 150 107 47 209 145 222 109 105 144 94 149 120 146 183 39 153 159 247 174 84 134 163 162 127 21 83 81 126 189 53 164 145 29 151 234 88 175 4 252 234 203 35 102 71 139 252 100 98 191 122 94 199 58 56 168 249 241 17 237 177 82 247 71 53 244 193
153 255 157 198 160 32 154 13 37 27 165 66 7 115 35 54 196 158 3 31 101 118 178 101 56 1 235 249 220 182 207 167 163 241 59 98 39 88 84 224 99 6 155 248 93 183 0 31 230 22 181 192 213 250 33 221 137 64 201 127 123 30 248 191 219 182 4 145 97 169 161 183 221 78 31
127 26 249 165 1 252 166 114 84 245 10 3 182 103 177 230 225 112 77 16 25 198 243 121 192 8 52 8 92 71 75 190 84 12 175 100 123 161 99 121 150 155 70 205 141 202 40 217 116 19 28 126 38 24 45 222 112 133 165 96 59 46 124 132 238 73 162 179 28 14 123 173 244 106 191
20 154 146 43 162 120 167 222 61 196 41 165 229 50 125 218 241 128 90 212 93 151 210 44 36 255 31 144 57 204 239 212 169 227 109 194 120 26 17 88 242 104 185 35 142 120 96 179 164 206 103 57 220 142 236 187 219 150 133 95 125 149 170 156 72 219 23 92 20 5 184 50 117 59 245
120 81 130 239 135 45 191 107 48 138 20 215 215 161 3 64 71 139 24 138 155 96 21 108 162 17 121 152 18 100 93 217 45 74 221 250 140 150 153 148 252 254 117 126 2 44 145 175 165 181 125 241 137 75 83 200 128 133 183 239 212 151 33 182 232 33 99 151 42 51 204 16 124 203 56
251 150 10 151 37 243 204 13 150 41 133 5 176 248 12 85 61 154 114 170 30 7 227 198 60 142 137 90 35 22 208 61 73 112 69 77 232 159 128 100 240 61 226 167 253 150 153 231 228 97 230 217 40 37 175 31 125 152 16 124 224 232 248 38 49 178 137 59 168 156 41 156 104 113 238
23 14 121 64 186 95 156 218 177 140 23 97 90 9 137 95 73 190 91 58 98 178 67 149 9 61 118 11 231 180 85 36 68 83 46 72 36 133 13 128 173 179 86 125 170 18 120 77 170 3 60 100 205 250 31 17 87 142 64 0 98 194 226 28 5 212 52 160 233 178 100 190 34 123 147
118 183 171 0 211 199 236 162 15 108 28 203 203 15 13 47 169 120 214 134 44 202 251 189 3 38 232 235 207 9 23 218 18 165 85 38 37 78 214 156 30 14 3 1 210 53 45 196 191 27 146 16 60 113 195 189 197 46 235 232 12 15 100 71 27 73 43 16 178 227 129 249 238 199 144
209 196 242 159 36 225 35 111 59 161 40 139 177 123 17 183 165 70 137 254 57 42 113 197 161 90 88 235 180 206 92 251 78 251 110 161 207 39 137 134 206 225 34 85 31 124 174 219 203 203 111 232 48 47 77 17 158 118 87 198 183 247 96 144 178 116 47 116 200 210 90 49 47 13 163
34 63 59 144 253 120 167 149 247 121 149 200 131 96 52 15 53 198 106 12 163 64 203 33 250 207 1 71 120 98 68 188 168 31 2 154 86 55 221 190 0 84 16 136 17 215 124 213 43 208 141 190 197 146 250 156 40 129 170 191 117 73 63 155 159 185 4 64 33 91 245 0 105 224 96
74 193 128 179 153 53 57 206 211 58 141 107 218 185 157 59 176 145 60 137 21 61 141 244 140 16 119 147 144 163 206 116 72 89 71 47 148 203 24 202 255 32 26 214 180 175 170 171 111 36 196 163 37 26 182 5 254 29 238 9 183 68 131 200 213 128 219 37 204 91 190 250 1 97 185
64 48 237 24 127 235 4 22 201 111 113 57 111 180 220 169 171 121 22 205 115 204 119 207 61 26 100 30 38 115 161 13 65 143 187 78 119 24 175 182 175 139 122 155 183 228 191 26 204 81 220 164 206 249 202 86 27 172 161 121 209 167 189 120 73 101 118 152 31 207 14 153 148 96 74
210 80 117 17 57 27 129 139 174 182 82 81 33 133 45 86 88 204 208 228 102 244 65 51 35 237 118 175 113 74 145 132 20 48 212 146 165 41 22 175 48 136 138 54 195 80 48 141 240 216 0 101 35 178 54 100 144 208 107 168 26 143 37 163 11 116 7 123 125 210 91 76 110 184 214
114 91 67 3 58 183 23 121 158 64 212 145 5 252 169 95 171 189 109 79 51 185 231 234 146 51 210 123 130 87 55 79 211 100 116 122 152 50 110 71 66 95 115 244 228 97 26 69 199 162 22 100 56 91 37 97 44 192 108 40 162 68 66 240 187 34 229 138 244 224 39 93 24 122 115
136 244 223 12 197 5 66 172 253 8 67 71 171 242 180 9 88 105 248 195 32 2 21 169 93 213 197 227 130 133 55 235 36 187 226 133 62 132 184 159 231 183 220 97 42 3 45 44 222 72 219 205 67 177 121 115 49 233 129 158 61 202 40 157 151 123 85 181 27 73 176 7 66 193 121
232 0 211 154 131 104 23 85 220 179 214 99 108 234 180 134 174 173 116 200 10 101 181 226 238 99 241 79 74 116 37 149 206 1 37 58 46 84 137 173 96 133 123 234 7 166 8 232 44 11 5 12 122 231 177 182 4 2 118 53 172 217 6 227 70 172 84 167 119 65 1 8 150 67 194
89 168 18 54 231 68 123 233 56 90 38 238 37 126 240 202 248 15 163 225 94 195 49 52 237 224 161 25 38 193 91 57 198 49 81 168 6 242 206 71 116 69 166 181 72 247 246 183 130 254 8 53 115 191 31 102 114 16 216 7 7 85 226 119 190 32 28 136 47 18 184 195 74 35 193
181 107 208 255 139 232 48 207 170 228 230 69 142 165 132 116 216 108 103 178 96 0 110 101 254 53 88 71 117 93 65 14 169 158 223 24 29 217 79 249 41 118 197 108 19 165 108 211 3 116 252 160 253 246 69 97 196 112 235 120 200 205 224 96 60 103 102 36 105 201 181 64 162 102 79
6 234 146 182 112 44 72 47 144 39 132 160 137 6 57 166 227 2 33 28 203 108 43 37 161 75 123 76 180 67 57 245 220 162 60 133 71 48 246 6 169 188 61 175 64 233 168 67 195 140 26 100 224 120 214 227 149 10 65 142 102 239 7 86 203 24 101 210 189 19 55 62 128 54 125
236 17 186 185 98 34 81 94 187 235 118 22 26 244 56 135 25 123 177 165 111 45 2 96 217 177 2 135 76 29 181 133 15 64 227 207 183 129 91 14 51 103 140 217 140 161 84 207 247 145 60 250 76 209 159 50 87 50 240 242 43 181 177 158 117 191 42 178 173 246 255 175 89 21 118
220 205 214 119 225 163 248 99 121 210 60 1 55 129 97 89 87 127 217 159 236 12 135 79 121 66 110 125 158 180 161 121 115 164 94 42 242 188 246 15 101 157 232 108 236 13 40 245 101 106 195 73 249 109 242 211 149 166 129 114 76 42 75 208 173 229 197 131 32 96 238 66 134 220 13
27 206 250 178 202 145 53 106 250 223 49 124 34 128 0 211 188 95 80 196 238 187 193 178 1 2 220 238 24 221 179 185 193 233 183 139 245 138 152 231 119 235 65 93 74 48 58 34 89 6 25 39 88 67 189 229 65 90 247 112 48 229 45 49 126 198 116 105 24 37 145 200 103 118 146
183 58 147 31 148 26 145 250 104 176 87 244 20 28 208 160 24 249 165 36 153 94 10 108 81 240 210 132 203 238 19 218 184 141 72 50 171 233 165 104 177 122 67 195 94 102 236 98 146 229 211 6 157 220 3 64 161 58 58 242 87 86 24 120 136 31 236 84 200 145 22 70 38 244 199
26 140 152 40 234 247 149 73 11 165 219 106 33 56 174 20 138 211 55 32 95 82 153 181 78 226 203 16 86 148 194 237 169 112 23 89 76 137 47 142 150 35 166 232 151 213 139 249 60 22 201 67 144 29 41 8 84 228 81 241 40 91 178 69 6 60 19 159 250 39 92 198 202 164 123
222 249 228 249 176 21 194 182 108 245 124 89 98 99 236 0 76 63 44 72 166 152 188 73 24 152 158 79 3 9 249 16 6 194 208 101 78 46 183 148 12 103 245 177 196 96 151 65 65 133 66 149 136 27 30 233 210 115 79 16 189 75 179 158 155 15 179 172 32 230 246 85 19 219 211
155 28 43 158 112 1 100 60 185 85 250 47 84 226 34 174 195 12 63 20 189 37 7 37 252 51 241 140 140 171 26 102 240 239 8 176 208 18 244 58 65 248 88 87 93 64 35 217 95 200 15 147 48 2 230 247 81 30 112 29 46 201 223 13 173 131 45 233 119 173 28 13 17 119 108
60 95 211 123 186 203 238 73 20 49 224 53 167 217 225 198 230 239 31 0 36 38 52 186 182 15 201 15 90 112 217 93 158 2 68 76 72 164 3 231 253 182 187 92 105 147 190 106 136 215 217 178 70 81 214 19 201 197 89 56 137 128 151 147 210 136 23 175 55 168 55 65 140 214 87
73 21 24 73 74 17 47 236 54 239 137 204 100 107 186 253 35 82 140 221 115 66 226 166 87 186 86 122 26 2 152 162 61 165 165 248 3 51 144 62 131 3 253 188 26 28 161 176 102 198 85 225 48 121 139 93 145 31 73 206 195 142 60 104 15 12 227 153 108 169 67 168 141 208 214
76 235 62 27 252 199 147 101 143 133 103 50 18 30 33 233 119 158 204 80 89 165 173 38 32 53 119 64 144 62 49 110 199 12 177 38 135 164 70 69 13 105 63 210 120 97 24 181 241 183 129 140 92 130 242 95 183 40 129 111 202 175 69 50 79 137 50 205 15 99 138 224 96 69 39
215 39 150 231 194 215 176 137 204 99 84 174 190 86 164 121 23 191 116 249 99 30 113 210 48 78 174 22 231 109 143 162 36 112 43 201 52 26 36 21 110 207 133 64 189 239 163 44 208 237 51 174 26 38 88 210 131 49 67 69 253 225 45 234 90 204 74 84 185 245 174 252 97 218 58
95 168 54 19 195 164 74 118 185 76 249 205 245 132 2 223 29 222 59 137 157 91 217 11 187 91 178 107 51 170 95 9 161 5 35 145 161 185 104 243 108 254 92 179 210 194 195 252 229 133 169 72 191 5 236 180 173 22 183 152 20 182 81 193 31 15 38 17 152 181 26 205 186 53 162
174 0 173 31 204 187 216 169 129 146 183 250 254 98 185 196 0 60 158 91 126 86 121 169 150 101 238 10 197 162 35 234 224 121 16 233 199 220 30 84 87 58 52 143 198 167 71 19 51 172 224 189 59 148 2 188 92 19 90 72 254 28 161 161 86 252 137 112 70 105 134 147 140 223 88
95 76 169 241 176 254 239 76 20 10 84 15 170 16 63 233 118 186 156 167 202 139 249 207 0 237 39 7 164 186 234 126 114 127 97 98 47 71 60 231 184 14 81 224 139 72 249 18 46 215 241 224 154 245 46 205 59 100 223 122 112 230 217 7 113 154 38 48 54 44 20 196 121 232 195
200 18 114 62 220 60 30 14 224 112 184 61 106 106 216 216 136 213 126 81 32 87 108 1 51 188 2 115 190 146 175 17 25 83 235 164 146 194 23 56 181 227 59 147 121 166 23 230 92 48 18 102 255 6 138 9 59 53 120 203 125 211 97 62 30 76 79 45 163 17 40 236 75 224 73
34 219 238 190 100 227 46 76 236 223 43 118 200 90 240 186 116 168 69 214 235 160 10 115 186 201 58 218 220 183 57 121 6 216 188 150 235 154 55 1 45 200 211 66 143 212 174 16 188 132 212 144 232 19 127 116 61 200 69 112 71 89 61 189 234 176 199 60 18 146 7 6 43 41 230
157 213 99 96 44 83 215 70 170 118 45 97 193 73 115 208 86 20 250 19 49 255 42 240 220 81 206 227 95 110 159 142 212 10 55 147 45 128 185 4 49 171 202 173 37 55 152 15 91 159 121 124 38 132 163 11 225 121 224 71 247 246 208 184 133 198 61 5 208 148 120 178 50 45 144
200 21 238 49 172 117 208 188 8 77 59 56 48 239 25 33 216 106 127 211 241 239 104 57 172 4 81 199 121 49 72 3 193 225 172 112 189 27 10 113 1 190 251 90 38 19 61 157 110 104 58 72 243 26 234 86 164 102 169 82 17 178 132 137 14 231 148 80 94 29 45 195 126 122 158
22 86 42 21 63 62 253 22 245 184 181 168 48 120 255 242 135 132 152 212 157 27 107 222 204 58 230 14 234 138 13 222 49 246 90 25 50 22 28 151 144 173 19 220 72 107 188 59 198 142 168 198 135 174 29 14 228 252 6 249 36 194 154 16 18 49 128 4 255 194 224 254 94 148 181
94 108 246 253 101 105 11 94 89 129 126 221 188 128 192 156 219 1 19 43 171 235 57 229 116 224 1 6 48 73 126 126 115 21 232 30 132 227 79 226 40 236 30 144 7 56 211 67 178 85 214 21 43 139 74 229 215 152 86 161 66 66 29 106 45 228 230 143 39 239 26 56 153 77 40
146 23 28 129 2 182 47 80 116 208 24 244 254 175 43 72 255 168 96 126 96 56 37 143 180 86 224 44 137 187 46 31 83 38 76 69 27 18 112 192 20 131 137 149 171 8 46 33 122 20 69 3 84 123 64 80 218 119 83 80 162 216 201 69 61 10 133 249 196 206 5 124 197 86 209
129 138 108 221 158 111 95 184 98 196 40 157 71 198 0 74 185 59 24 19 177 6 196 179 72 138 39 48 42 187 121 96 240 133 229 35 116 7 2 90 116 171 122 131 47 249 122 141 50 220 223 102 10 2 197 91 9 78 15 172 146 20 164 216 46 146 255 194 197 151 133 179 44 46 100
61 7 127 33 56 214 142 235 72 215 190 254 238 147 249 66 28 60 225 217 19 57 97 122 117 182 45 156 148 92 164 223 35 59 136 21 93 205 205 199 71 137 214 96 145 66 11 100 144 234 222 5 200 221 130 143 155 19 190 131 1 42 215 138 211 38 86 25 234 197 229 40 239 151 182
2 32 153 17 126 2 195 208 163 199 157 213 255 235 57 53 140 81 18 185 2 224 177 184 48 192 109 54 159 162 145 147 182 185 86 175 187 213 240 214 106 71 35 166 212 210 27 88 118 15 241 69 204 88 213 88 187 46 10 162 50 134 115 91 88 134 92 214 29 220 218 249 210 92 75
60 125 250 164 157 255 88 138 28 194 158 54 3 113 216 233 53 74 123 96 7 181 165 4 88 72 133 100 114 42 195 229 82 28 56 230 192 203 181 163 51 87 237 99 238 4 165 198 207 139 149 91 82 175 233 78 145 158 247 252 186 17 141 136 32 168 133 241 17 195 155 107 73 65 213
206 92 183 140 168 30 133 15 216 188 106 43 95 90 115 178 143 204 76 248 116 134 131 8 62 130 101 102 31 92 220 15 47 110 17 111 233 107 11 52 184 224 56 1 162 253 81 210 223 242 2 218 127 29 232 115 119 99 132 201 110 249 58 13 190 71 79 195 145 55 186 130 46 86 178
214 115 48 244 192 183 104 179 204 229 220 99 8 236 137 160 12 206 73 136 175 146 107 128 23 105 132 223 14 48 90 81 52 113 232 137 193 77 224 213 18 117 0 192 71 57 103 203 47 201 173 30 117 135 64 28 215 7 35 21 203 53 168 206 78 111 90 23 156 32 202 249 126 127 100
227 154 116 245 163 21 237 212 35 148 117 14 203 81 193 106 42 70 240 214 134 85 15 13 209 61 182 147 247 207 239 142 32 146 149 19 148 107 68 235 2 107 227 175 209 121 219 62 144 67 97 81 120 35 28 191 118 25 146 246 83 72 141 39 9 240 63 131 101 156 233 101 201 234 166
222 2 224 23 196 101 98 63 196 34 108 201 113 84 212 221 175 8 56 200 199 24 9 232 106 17 216 210 155 123 182 2 214 57 234 22 128 179 20 104 190 52 207 47 4 166 9 30 168 141 177 241 123 212 40 195 10 104 88 140 233 1 134 31 184 130 110 193 144 233 234 46 19 161 241
117 216 178 150 137 243 173 250 102 87 66 207 190 25 207 74 190 25 247 234 225 143 248 120 198 239 181 111 22 4 21 250 130 251 211 179 66 248 133 26 20 67 231 180 237 229 86 160 35 210 165 23 51 80 84 233 102 249 59 222 155 63 208 40 21 86 14 154 191 88 34 154 81 67 222
115 251 232 171 147 68 208 82 135 248 190 56 13 180 9 59 78 116 166 3 44 120 57 158 26 178 237 237 40 7 81 65 190 178 176 46 110 92 126 202 242 72 84 169 26 240 52 97 27 5 228 70 242 224 177 158 51 63 16 153 148 167 122 107 153 116 9 67 133 166 144 26 150 197 29
245 19 30 232 156 155 166 104 17 43 97 172 118 148 142 13 108 58 87 157 130 150 80 180 7 196 237 45 13 143 241 169 147 20 5 48 227 16 199 230 235 117 250 131 170 115 195 195 194 142 185 66 177 230 135 110 96 227 103 132 172 100 9 82 35 122 168 143 108 128 255 227 77 1 97
167 126 67 72 170 165 68 223 16 225 180 100 236 197 82 49 39 251 26 150 154 12 136 139 16 5 132 126 162 169 105 122 193 44 247 55 48 117 170 95 110 39 8 15 78 128 57 244 1 18 227 207 92 39 128 215 59 8 135 230 253 255 253 165 133 119 143 129 110 220 42 255 24 137 140
7 1 36 23 60 224 158 3 128 191 43 181 89 84 170 136 255 112 11 10 36 148 47 164 48 160 249 18 246 145 240 228 208 209 42 195 189 189 125 117 147 126 109 188 102 117 171 124 204 102 173 13 116 79 47 53 74 252 163 251 130 145 249 122 97 88 29 15 23 251 189 82 74 18 8
97 12 221 115 202 68 201 217 164 3 14 135 188 213 231 167 58 51 80 152 4 237 215 197 107 241 105 223 151 160 109 82 59 56 196 65 219 21 112 53 209 210 236 128 222 201 236 108 173 191 25 2 87 182 153 243 21 34 54 126 231 206 126 165 99 230 58 177 32 247 29 87 249 89 45
166 134 41 211 111 109 179 128 75 210 20 232 247 75 214 242 94 243 220 251 82 108 134 91 7 43 63 236 39 34 165 191 170 68 235 49 212 227 124 54 195 44 200 53 6 88 190 21 185 73 194 30 197 191 219 20 14 161 218 0 228 37 23 42 178 25 216 208 220 73 53 137 173 197 98
26 68 199 201 237 7 55 20 65 27 154 252 80 177 143 113 92 87 190 33 21 164 243 201 188 138 81 230 110 119 211 173 35 245 51 91 218 163 219 230 214 236 15 79 75 80 97 49 69 125 250 198 53 47 237 108 14 112 214 68 234 102 99 15 49 145 177 152 62 111 83 126 231 179 94
127 125 111 226 210 196 150 79 188 255 153 194 28 87 0 245 88 247 247 195 3 101 233 164 113 35 143 49 57 179 241 71 35 202 168 16 203 101 163 98 162 193 70 222 243 192 208 158 147 90 185 200 88 117 80 172 141 100 125 243 180 222 124 221 48 170 62 45 201 195 58 50 45 62 137
41 91 90 26 143 171 18 251 189 171 242 135 244 44 136 88 210 33 239 150 27 110 101 90 155 249 247 139 248 168 3 196 161 5 141 57 64 37 88 230 193 46 168 72 205 254 33 219 197 10 188 9 177 144 152 72 0 80 69 158 124 209 72 85 194 21 226 222 89 145 169 170 51 236 91
185 185 14 139 65 243 15 58 196 122 65 175 133 114 183 255 169 83 170 237 209 189 86 239 152 188 11 32 128 89 3 83 231 6 183 73 193 83 179 254 139 110 254 212 160 38 237 26 85 109 109 153 214 135 188 210 82 97 182 248 237 22 181 232 149 212 38 205 80 64 101 229 10 35 86
16 64 218 182 141 225 236 2 143 30 30 133 185 215 197 112 130 57 213 244 3 207 124 78 185 90 79 46 87 115 95 4 218 106 104 17 234 137 141 192 220 194 222 113 207 205 217 83 185 235 30 24 240 12 238 125 116 120 48 6 9 76 143 118 15 178 238 47 242 129 74 107 148 81 90
6 130 66 61 148 207 229 218 127 134 21 63 91 57 45 205 84 110 187 45 148 215 211 137 187 125 202 165 164 103 137 219 146 110 95 0 112 231 128 124 195 247 136 42 162 63 203 179 110 233 130 98 65 217 115 139 170 90 57 0 140 159 44 169 48 208 176 44 187 80 153 67 28 181 65
83 43 255 131 10 6 209 141 21 67 161 128 231 207 75 30 95 117 66 119 216 84 119 225 75 156 65 61 139 122 193 233 244 11 132 6 43 226 95 44 136 125 58 48 167 167 232 8 47 112 13 27 54 100 190 4 79 75 42 33 176 244 176 192 73 69 32 19 70 206 85 205 140 233 230
249 12 217 50 1 249 192 103 155 70 169 103 129 203 129 184 80 186 96 172 154 166 143 188 102 224 140 147 241 73 230 109 165 91 136 139 113 162 121 145 242 227 68 215 209 180 70 145 85 105 106 169 193 134 184 240 207 78 246 114 67 4 81 164 237 179 43 172 154 6 210 167 222 29 209
19 44 191 168 28 16 58 204 70 6 52 33 204 125 230 144 4 79 230 18 6 57 60 237 15 185 118 141 172 143 202 238 191 28 160 188 12 222 226 139 76 120 213 25 20 50 151 182 157 114 214 76 103 157 184 147 57 108 207 100 139 61 26 19 171 107 235 231 14 16 184 174 117 238 80
39 73 24 227 29 139 195 102 84 196 242 189 76 231 81 209 46 103 86 90 121 79 35 245 52 95 96 147 98 87 209 240 158 236 65 232 57 71 244 211 208 32 177 231 210 0 88 1 42 203 110 247 140 70 39 102 53 161 109 110 177 232 88 181 230 47 190 61 11 159 18 93 45 136 181
202 22 228 220 56 95 94 130 253 143 212 224 110 190 175 105 195 183 186 165 200 38 72 89 128 97 88 165 102 246 164 128 17 127 232 81 24 248 200 84 210 34 76 75 38 245 79 47 41 126 72 231 137 91 78 164 230 230 248 232 158 247 216 112 227 105 177 147 50 215 88 146 19 252 161
86 161 202 58 110 210 95 139 58 249 57 62 108 70 116 214 98 209 62 105 21 64 130 66 56 50 214 156 199 225 208 1 149 49 78 14 152 120 27 100 6 149 6 141 102 107 220 227 124 45 151 14 243 56 127 186 93 49 200 19 75 192 184 202 92 169 191 206 156 33 151 138 45 116 5
187 227 209 13 120 194 5 20 157 54 25 217 190 94 104 217 95 24 102 138 157 41 102 58 79 121 134 205 185 24 90 133 198 26 69 146 84 163 33 115 150 114 29 205 99 184 102 10 157 173 178 177 81 161 175 74 170 233 130 216 220 7 245 206 199 138 155 42 59 99 140 113 231 86 244
77 249 190 15 203 250 90 9 228 102 105 88 16 252 72 200 197 20 0 206 235 54 185 142 161 238 147 74 70 143 238 153 80 228 197 17 252 248 142 53 62 82 127 80 137 25 113 239 182 103 8 160 165 243 163 198 48 160 118 135 196 93 82 207 103 153 133 167 154 2 244 43 155 40 209
178 230 36 109 236 81 16 228 156 229 146 150 235 72 97 128 78 244 52 184 9 82 55 250 37 83 92 119 11 185 229 86 143 128 117 187 45 145 41 187 43 93 49 235 119 189 246 92 95 1 211 0 163 113 0 178 236 109 137 1 234 182 172 213 174 245 97 176 54 141 152 20 206 195 63
166 170 166 226 108 40 156 38 25 142 245 125 228 53 87 172 77 73 129 109 85 243 175 76 108 187 221 90 27 160 64 27 217 82 144 27 67 196 92 0 68 19 254 111 200 75 17 47 111 186 158 233 151 95 148 56 35 0 155 189 186 70 219 1 118 46 167 127 45 247 12 202 112 127 89
158 150 147 160 37 158 22 165 18 34 246 136 125 234 136 192 141 164 79 166 109 40 46 0 75 238 62 183 29 248 143 69 242 217 111 57 134 30 193 211 53 251 20 84 118 89 71 12 198 148 117 185 185 123 152 101 51 128 127 97 152 137 208 240 114 184 96 90 57 154 60 0 251 68 232
133 60 174 39 211 234 120 42 249 18 165 194 87 88 62 139 246 118 208 154 51 74 203 105 64 200 123 133 2 129 91 238 153 181 85 236 26 137 205 220 217 9 185 198 223 99 103 158 143 33 153 189 56 129 158 168 136 11 199 16 4 9 66 168 50 195 30 246 122 226 83 76 237 126 68
83 123 28 25 218 126 117 250 118 176 83 78 158 94 202 50 183 124 156 233 104 54 174 111 55 243 202 179 136 116 146 14 97 163 86 233 21 83 25 41 214 55 203 79 162 27 16 226 195 159 142 90 99 121 79 136 162 128 128 241 218 49 129 104 196 252 71 111 152 120 201 11 34 57 125
125 165 205 98 9 41 159 249 27 117 191 52 247 99 216 223 162 222 111 247 25 251 147 48 33 214 197 131 42 8 94 134 168 181 145 30 71 88 165 168 165 116 69 247 229 138 117 152 1 41 47 189 175 182 73 50 79 48 90 242 227 100 24 80 83 170 154 159 47 198 107 221 83 232 95
57 190 194 219 13 84 188 159 24 145 222 89 22 74 21 241 169 133 104 220 17 132 100 220 231 30 158 65 234 9 108 145 55 52 38 93 191 242 186 238 187 250 207 10 82 219 38 21 247 26 215 49 22 254 238 136 37 223 252 230 200 98 102 101 95 139 5 205 11 203 181 199 106 168 39
70 31 237 50 165 1 15 75 71 116 32 3 9 136 214 174 52 246 139 126 174 9 71 23 185 162 149 239 66 2 189 230 235 95 81 38 74 127 68 222 21 71 85 152 229 183 253 233 49 35 91 254 182 94 78 104 135 69 248 57 146 24 93 121 6 221 71 13 244 134 68 202 205 88 25
66 39 49 150 203 166 24 97 96 29 219 80 103 99 205 251 133 85 223 119 23 178 150 38 163 21 75 16 154 182 91 13 160 52 235 107 16 37 38 148 231 227 113 231 74 203 136 225 238 154 106 238 238 156 206 187 52 16 13 20 22 217 108 241 174 165 21 81 37 143 113 7 72 107 112
103 9 199 71 10 36 42 247 171 28 24 178 105 142 231 9 69 168 187 3 61 81 161 84 173 228 87 42 104 118 50 200 96 7 243 111 138 101 13 98 131 219 130 203 79 173 156 22 252 197 149 135 14 1 96 44 138 224 118 168 84 51 157 52 62 35 9 12 107 21 62 141 144 101 218
23 69 227 157 81 180 143 119 214 232 77 80 55 43 17 180 138 41 136 58 156 128 33 158 72 206 210 149 49 209 235 210 0 46 44 143 222 192 179 222 122 55 55 250 219 92 150 146 104 234 171 33 97 249 15 227 99 142 77 6 170 213 40 11 139 49 186 51 135 77 251 47 136 237 227
161 185 85 218 87 46 192 14 191 132 27 69 83 157 161 175 43 98 18 130 174 165 124 63 21 173 12 29 189 208 19 3 172 0 147 180 233 149 139 197 195 3 54 61 165 193 7 163 39 78 147 187 109 19 28 107 6 141 72 1 121 195 246 29 233 172 197 153 24 222 109 190 0 27 163
170 119 149 235 185 190 4 85 0 168 73 246 231 209 120 148 148 59 248 248 253 217 138 36 171 250 93 190 68 165 207 52 225 38 46 172 14 87 201 11 88 173 16 21 221 94 135 33 178 165 104 149 57 246 213 213 92 226 221 69 124 187 153 19 119 118 151 197 191 113 19 1 203 206 141
237 255 182 138 163 100 211 181 120 149 169 137 9 145 138 247 110 46 83 236 230 251 225 80 22 7 114 84 2 7 166 55 150 196 149 145 183 134 21 38 157 58 121 105 9 81 67 184 4 103 184 192 175 229 82 192 93 22 58 109 98 172 131 204 36 59 99 230 209 98 153 211 199 178 225
224 30 35 95 46 87 187 67 208 169 0 49 151 217 78 83 21 66 174 4 118 224 150 220 222 67 67 145 195 218 1 214 6 89 178 247 191 106 105 17 17 182 253 249 40 33 88 84 237 215 209 110 68 122 56 104 231 159 168 161 166 74 177 154 234 9 232 188 163 161 106 144 35 1 184
215 180 60 15 237 49 11 136 225 176 145 222 253 220 171 64 129 223 188 205 172 130 204 182 155 21 161 184 238 214 4 111 99 215 22 164 252 131 221 88 249 86 86 1 200 219 131 133 222 33 252 230 151 125 222 90 145 110 244 151 6 45 60 141 29 223 178 163 76 102 53 46 236 16 194
69 142 187 104 163 179 132 71 136 246 93 133 12 6 198 29 140 125 22 224 163 181 11 216 32 10 143 38 18 53 145 138 181 127 48 129 92 155 110 197 37 245 245 192 153 105 241 10 62 173 207 20 145 211 19 201 182 116 57 30 148 207 103 113 21 243 104 110 2 207 133 180 192 194 30
172 118 236 83 212 45 106 62 168 29 153 158 66 22 147 130 34 250 197 63 194 112 51 83 101 165 227 249 138 31 222 187 188 58 161 75 144 10 61 16 226 116 137 31 189 150 44 190 63 171 181 234 182 24 151 204 247 106 227 107 137 52 213 58 174 139 91 133 162 21 23 6 31 254 209
185 94 126 119 224 206 191 232 120 157 110 203 16 232 39 23 37 215 145 142 0 234 252 196 49 172 239 24 146 78 22 149 120 186 69 11 87 45 213 112 252 96 86 232 43 126 218 48 120 255 209 140 245 72 124 71 161 252 63 92 242 152 41 216 180 111 202 36 56 61 209 55 235 55 90
125 104 155 71 130 240 68 152 134 32 204 222 52 17 17 19 27 228 55 216 46 141 230 85 185 146 13 110 224 45 19 6 247 205 234 70 76 236 226 171 58 190 217 171 107 99 88 176 176 183 225 132 94 222 120 204 94 18 167 214 228 250 208 162 227 4 167 44 140 94 0 188 121 234 6
73 52 87 103 61 141 254 101 51 198 10 4 109 86 166 193 117 125 42 248 156 218 6 255 220 17 223 252 113 223 209 148 175 156 225 254 130 177 189 85 203 20 52 95 5 32 112 204 126 249 46 111 27 132 12 177 246 121 19 101 229 209 168 93 200 236 163 165 171 23 48 208 45 54 239
248 69 68 193 248 165 187 251 249 60 207 244 126 74 30 86 195 197 11 223 21 163 200 13 223 163 174 196 61 109 51 154 114 173 150 11 155 72 5 57 244 48 182 170 213 159 143 108 115 48 69 115 232 91 136 217 131 155 225 120 75 87 235 170 83 152 177 41 48 212 6 47 181 3 25
179 28 246 44 218 209 144 20 228 134 88 11 55 210 211 140 149 148 58 177 205 157 208 38 234 77 214 76 63 177 225 116 242 195 187 115 192 158 100 119 228 37 90 44 86 199 201 177 136 131 18 138 68 5 174 39 140 179 239 44 0 24 241 177 4 40 218 113 164 118 155 60 133 240 214
89 92 85 82 230 226 108 151 179 235 108 194 162 144 109 94 98 226 17 214 13 195 116 42 155 154 85 60 138 96 48 197 143 59 103 55 16 14 46 114 128 106 28 247 25 68 0 234 149 224 254 95 199 241 254 93 214 190 81 10 143 42 64 238 86 220 202 240 231 212 244 35 21 89 106
192 205 11 48 129 158 146 190 80 68 30 155 121 117 159 245 191 26 142 231 129 245 242 97 174 73 220 108 220 150 141 123 92 59 225 254 224 162 14 145 67 56 122 255 16 158 176 109 197 26 77 105 102 244 117 16 0 246 188 191 116 51 220 177 210 90 114 219 212 27 211 205 86 234 4
255 209 205 227 50 155 123 250 207 201 192 185 200 254 203 137 6 205 64 196 231 233 166 41 209 184 170 203 39 29 155 252 46 33 229 137 185 82 166 79 218 212 81 130 140 108 1 222 205 27 170 241 38 119 104 207 150 221 150 253 83 111 249 99 12 1 229 178 218 169 180 209 120 44 160
29 220 204 235 112 186 14 40 70 136 249 0 62 46 6 159 215 147 238 145 46 107 140 76 227 159 56 220 43 241 211 14 82 8 59 72 92 65 33 212 16 167 42 225 95 180 211 224 162 98 49 224 186 129 39 111 47 43 96 184 91 53 224 26 179 120 241 80 71 110 174 136 96 227 129
239 143 9 89 239 219 165 220 201 186 156 213 67 114 217 118 141 121 79 164 150 5 13 166 95 98 103 129 168 114 200 246 196 226 245 171 29 61 134 225 35 175 217 146 124 103 44 32 146 202 156 217 97 124 76 49 177 166 23 50 173 127 231 103 65 29 181 200 113 122 170 40 64 82 193
8 23 50 180 69 228 144 32 23 70 188 41 244 162 96 91 172 70 157 118 156 13 182 30 196 111 205 43 136 145 45 29 33 216 23 63 236 59 98 163 121 120 1 64 75 209 82 61 150 229 232 111 101 19 168 25 23 97 105 26 247 86 165 142 187 236 88 157 252 66 95 170 199 80 130
10 84 34 78 156 31 67 105 225 199 52 242 128 5 146 16 223 61 72 76 196 42 29 178 226 77 232 18 212 202 130 108 47 169 184 173 156 146 248 220 28 89 149 29 127 56 22 222 77 207 84 11 237 131 163 34 144 154 118 169 4 249 238 227 157 67 8 20 187 91 212 164 159 93 66
148 15 99 100 63 217 241 190 126 78 38 189 212 45 55 126 84 212 249 45 171 101 142 127 224 106 168 20 24 49 31 193 208 69 204 108 165 113 213 203 243 161 2 110 69 48 62 237 38 212 167 94 213 54 234 146 46 237 244 50 74 99 142 144 152 253 128 201 38 169 134 222 5 249 14
203 212 218 34 63 60 106 146 99 113 220 114 168 75 88 122 97 178 43 135 181 160 223 71 251 48 133 4 220 243 215 169 248 120 63 217 66 224 118 208 179 120 224 63 94 237 65 128 129 212 122 192 182 122 109 37 179 190 86 177 248 87 175 42 105 176 163 131 153 165 227 30 212 110 73
78 244 148 10 151 46 187 70 120 77 227 120 142 245 44 230 57 162 180 197 221 173 72 183 27 63 234 222 111 139 81 88 192 157 173 132 90 242 227 80 119 178 166 15 228 62 104 15 213 101 76 150 205 168 158 60 101 99 10 90 175 104 207 230 228 177 46 77 68 7 105 228 224 229 204
157 187 125 211 230 86 179 16 113 32 97 86 241 252 239 39 12 250 169 160 12 115 186 83 194 224 112 16 187 223 120 239 14 110 50 112 192 74 227 30 132 68 22 247 93 232 6 180 127 211 179 165 180 234 178 214 43 192 12 108 92 28 20 19 52 189 1 143 137 119 199 178 80 175 85
63 76 204 241 238 4 52 127 104 8 94 230 114 93 61 182 32 101 50 155 65 26 26 72 236 171 15 90 187 7 39 148 59 152 7 39 32 164 119 232 24 37 208 5 192 194 40 133 175 33 175 45 228 48 152 101 19 51 46 177 206 130 236 144 91 114 147 223 227 236 42 15 18 237 206
230 169 173 144 201 218 86 66 53 54 1 98 176 190 122 116 69 97 37 187 125 251 97 218 86 113 201 53 162 255 148 249 58 232 23 180 165 26 168 201 191 74 60 84 36 6 203 199 58 192 116 96 119 30 56 22 36 75 135 58 36 32 165 136 72 144 191 54 253 46 185 168 118 107 69
247 200 112 112 104 64 19 177 117 58 56 134 170 130 29 181 152 187 167 253 222 70 57 249 63 221 46 198 205 215 112 180 7 177 122 165 52 198 230 127 182 34 93 214 130 196 194 1 182 212 148 17 255 209 74 138 183 18 55 154 2 186 188 122 46 201 215 6 205 78 30 114 15 54 166
211 66 218 118 12 98 162 46 111 45 39 195 250 146 143 220 150 165 73 251 154 197 132 123 181 85 244 162 108 174 213 226 74 133 102 37 244 21 51 170 105 250 216 142 215 190 203 220 129 89 18 138 142 4 18 44 74 225 8 55 252 176 166 184 78 143 52 217 40 87 190 87 184 218 130
88 143 68 6 98 249 107 108 128 191 3 16 221 44 8 74 90 230 128 37 55 191 180 107 194 177 60 24 153 34 205 140 51 31 240 22 215 137 213 141 76 12 149 63 154 45 243 136 231 164 202 185 39 110 222 201 2 59 82 3 217 34 168 13 146 9 83 156 157 123 92 74 209 34 252
122 53 128 42 228 185 235 197 182 160 115 151 7 117 214 35 181 251 166 243 54 135 144 82 65 42 235 182 149 212 228 156 95 70 243 112 127 244 52 75 76 177 132 183 24 180 77 37 160 78 32 90 72 76 9 245 71 221 252 21 105 185 108 24 14 135 103 6 111 69 187 154 229 226 137
213 138 61 169 116 26 8 51 83 239 133 13 246 12 181 234 138 182 144 235 183 70 98 158 207 7 165 61 166 26 199 78 113 37 195 88 16 158 163 142 253 246 31 153 132 174 246 188 186 147 185 250 62 30 74 244 65 204 191 28 235 28 254 196 245 221 38 208 249 76 188 4 214 168 60
245 14 68 7 223 217 150 240 104 52 189 155 177 191 242 47 209 132 80 66 210 235 77 183 247 106 14 177 78 36 132 130 134 100 210 200 61 53 254 79 206 101 187 225 52 99 26 208 225 1 105 238 97 230 255 80 229 78 19 109 11 61 42 138 117 23 236 128 66 169 18 6 241 213 165
176 25 40 114 159 197 85 228 34 86 41 187 85 217 190 234 134 16 0 87 53 86 48 150 169 214 68 254 148 189 38 128 188 247 126 207 80 242 155 246 114 192 60 32 161 186 20 68 187 114 185 2 27 227 201 35 112 227 2 147 122 192 185 124 70 190 183 115 77 116 252 152 155 225 36
72 67 97 182 104 213 131 22 1 175 205 215 196 58 169 18 70 65 70 150 148 179 181 161 24 53 176 30 99 240 227 93 168 16 143 195 211 82 233 53 83 34 150 36 214 222 89 76 21 109 197 81 69 13 238 36 95 220 72 67 66 211 176 231 23 207 106 114 31 186 122 111 13 207 120
151 99 147 93 230 48 129 197 175 140 131 5 223 217 55 76 93 58 82 7 18 240 235 14 29 207 91 25 149 62 158 206 156 208 130 234 243 78 23 91 105 208 11 236 106 213 142 191 100 199 50 210 40 99 124 29 14 204 69 204 134 210 175 21 186 186 72 8 66 199 172 115 102 202 253
27 222 43 232 30 239 0 113 152 184 242 233 204 58 174 19 75 135 68 115 116 212 216 9 52 187 75 189 250 67 3 126 69 128 190 140 60 33 124 32 25 82 99 211 29 223 233 144 78 153 92 8 221 163 9 51 47 2 112 64 36 184 165 171 56 154 148 142 187 230 92 152 202 22 155
29 42 6 217 106 176 228 138 147 17 0 210 214 174 18 155 145 59 28 128 59 153 158 90 233 124 73 252 90 247 39 10 54 227 103 162 13 68 168 158 32 152 61 109 149 218 212 195 42 235 85 244 58 56 106 170 94 90 185 19 8 101 108 146 120 16 137 204 253 137 212 69 2 239 186
111 240 85 149 127 118 98 185 135 72 246 226 98 65 187 205 8 138 138 40 15 92 154 173 26 0 141 172 79 250 164 184 143 29 156 171 121 22 16 184 135 23 173 215 117 108 141 153 63 93 52 179 211 249 222 134 57 204 227 61 249 55 35 35 109 66 183 124 207 223 95 122 78 101 55
230 60 20 143 69 228 219 167 148 127 127 208 200 157 63 78 84 111 33 179 182 48 244 198 237 19 126 226 223 190 177 91 96 242 244 212 116 22 144 159 200 14 132 192 178 23 241 208 58 106 151 113 73 93 242 234 118 252 31 63 157 105 191 31 248 51 60 7 19 24 94 178 6 0 21
142 92 146 24 228 54 5 97 180 12 148 40 214 55 84 237 193 237 194 60 96 75 86 198 19 254 198 255 167 158 5 56 6 16 162 19 210 152 44 240 93 65 79 189 112 43 58 21 3 37 249 17 194 94 145 21 79 57 168 42 95 170 248 20 242 29 109 5 249 22 179 189 224 96 0
28 123 93 132 58 90 76 5 195 2 148 56 139 85 48 174 194 96 160 207 109 78 53 134 29 29 175 109 237 230 108 95 129 62 121 49 126 95 91 103 81 150 165 43 171 239 151 203 146 255 147 104 211 191 196 50 51 221 97 137 143 226 9 2 53 194 8 247 178 208 68 75 27 33 178
106 12 250 191 249 41 215 200 239 245 178 174 210 170 242 157 115 182 126 8 222 185 11 10 118 133 45 190 128 47 147 80 103 217 119 121 3 210 16 196 46 16 128 93 156 107 2 249 252 164 65 212 192 221 164 13 40 71 93 112 250 191 221 61 213 79 91 196 25 117 94 31 246 106 60
236 100 117 59 91 214 106 139 213 37 93 24 0 89 67 133 171 40 159 236 141 166 154 178 0 94 250 44 135 19 121 232 147 140 17 2 12 197 10 231 69 219 88 226 206 248 103 15 109 26 170 50 2 251 56 255 107 175 49 16 223 148 198 198 204 211 65 246 93 221 95 70 107 194 105
122 70 187 202 1 76 214 154 241 212 87 172 222 5 123 233 90 183 144 2 6 90 120 170 148 241 144 131 7 146 72 52 46 143 89 254 37 91 170 68 84 19 190 161 108 64 13 29 244 168 136 158 43 164 96 171 253 125 163 37 41 60 212 41 63 172 15 15 209 241 99 37 99 54 188
45 89 171 45 6 215 107 148 187 166 126 235 210 250 73 168 184 78 90 81 36 179 43 87 203 212 151 83 30 237 239 40 234 81 71 52 95 87 177 169 232 205 109 205 30 65 27 200 56 166 8 55 233 160 149 137 51 15 137 217 10 101 155 12 49 55 121 230 16 73 79 149 74 48 65
16 200 254 186 75 83 174 153 179 108 160 240 238 127 131 73 203 180 86 49 3 157 153 88 255 157 226 11 183 88 68 79 99 31 46 83 44 99 84 237 140 126 3 194 253 215 163 90 151 104 152 4 59 179 6 174 157 236 142 242 17 150 152 51 70 58 231 103 255 66 109 95 151 200 105
148 139 102 243 210 94 129 85 178 142 221 12 38 158 150 17 171 227 107 206 29 254 61 244 80 149 97 58 32 172 124 163 210 167 222 204 130 92 255 204 24 64 156 219 164 47 124 163 100 224 212 21 49 15 105 176 6 77 159 76 93 213 8 169 122 236 80 142 176 215 148 54 34 154 95
28 221 85 194 35 158 233 167 140 127 4 235 100 89 140 164 234 109 48 255 20 114 65 29 157 24 104 33 63 70 211 181 133 102 26 250 47 47 181 166 120 136 121 108 247 54 80 164 87 231 76 239 143 102 38 92 56 230 190 31 239 125 41 63 80 244 135 63 15 187 144 6 148 47 27
0 178 33 145 245 251 5 184 87 167 203 236 126 95 132 40 100 229 126 214 152 46 30 251 49 99 217 64 22 139 216 3 67 99 228 18 195 201 108 7 247 47 115 94 80 224 20 1 223 41 77 200 59 180 57 75 214 232 66 77 223 185 189 72 75 215 27 166 136 120 221 149 78 109 251
219 59 233 63 57 225 59 41 115 149 138 41 215 98 74 3 77 164 172 2 17 69 61 109 124 236 14 124 170 109 149 47 237 52 16 184 207 177 40 139 45 71 147 148 137 118 147 25 150 36 223 203 11 164 134 102 12 118 171 127 194 139 247 187 4 57 155 107 254 129 191 3 107 51 133
13 49 76 218 126 193 4 175 118 180 54 62 227 254 195 48 90 177 38 228 29 125 117 6 80 90 75 194 54 140 103 94 1 160 208 168 113 126 226 25 209 200 185 133 81 92 134 231 94 111 60 128 249 247 135 85 62 214 171 138 160 135 208 212 246 61 105 130 143 208 251 118 163 70 161
95 30 24 105 73 175 134 241 131 140 122 163 120 219 162 140 120 209 212 142 219 99 122 250 18 248 240 33 158 72 86 24 230 217 84 91 167 186 206 181 145 214 199 227 70 156 22 92 40 246 1 185 220 77 115 135 116 147 163 251 248 60 150 133 146 29 237 5 45 139 90 43 186 138 17
189 149 237 28 142 107 101 104 232 6 107 253 191 167 19 229 185 222 181 181 90 174 70 146 197 113 0 40 184 90 74 87 192 0 19 116 37 130 230 178 100 109 112 89 26 39 99 97 231 84 103 54 184 193 196 223 75 123 134 209 254 182 249 108 63 136 217 110 144 39 206 30 207 135 68
82 6 39 245 211 80 43 25 140 65 18 223 150 150 207 200 20 148 192 222 179 36 48 50 168 230 210 63 122 43 85 43 183 2 172 1 119 139 81 73 188 18 200 187 107 187 62 189 14 213 209 76 142 249 173 112 120 165 127 250 75 58 50 227 182 155 0 96 10 67 171 237 115 231 205
199 117 209 61 126 237 51 38 79 82 176 96 221 44 90 147 19 205 101 106 102 48 176 132 89 152 40 252 167 180 153 211 151 222 222 4 55 84 53 12 160 65 124 171 30 172 5 119 71 194 155 188 148 234 21 224 6 107 234 185 68 211 121 243 90 185 174 165 199 56 235 34 29 201 222
208 200 61 101 220 152 132 101 111 219 220 8 212 38 97 26 158 140 139 12 218 161 212 177 135 253 37 65 152 64 81 202 239 219 8 46 72 82 214 160 67 116 77 162 66 176 70 78 145 111 216 84 246 14 219 77 107 183 101 57 228 48 60 164 204 167 252 235 84 162 26 85 2 239 117
136 7 210 59 212 175 116 58 180 61 129 124 7 166 6 238 233 95 63 86 118 109 6 253 205 62 132 172 103 191 162 29 67 228 215 65 5 201 171 47 80 18 154 107 116 74 68 100 145 1 62 233 11 29 68 106 150 129 39 172 70 199 179 31 9 221 7 182 134 117 232 64 72 145 84
237 113 220 32 229 174 46 125 76 202 162 161 98 41 189 59 199 71 72 122 228 76 69 128 233 142 111 134 32 12 148 116 10 41 194 194 165 122 173 67 253 161 238 80 2 130 81 178 144 210 109 138 228 70 59 108 206 211 72 78 145 159 70 130 148 207 96 210 107 42 237 238 65 21 204
189 201 94 125 187 153 18 196 42 84 125 94 92 127 31 169 68 181 117 166 51 118 35 192 134 232 217 86 48 128 22 155 180 212 241 95 213 250 43 41 139 148 26 101 93 31 92 58 179 76 81 13 157 229 107 183 54 208 136 156 48 168 14 66 46 159 189 47 27 234 33 38 8 123 41
139 8 217 114 26 218 71 160 195 205 242 26 38 41 116 20 120 139 2 186 154 108 203 70 13 185 101 14 5 199 83 25 119 140 32 154 123 179 203 4 78 224 234 27 190 133 16 115 191 189 71 177 89 115 101 225 18 19 182 138 50 218 160 160 95 125 195 91 198 245 177 55 174 83 5
28 79 180 8 218 241 61 127 117 218 149 62 54 205 21 88 37 92 22 61 149 169 228 58 225 105 102 246 38 81 171 138 59 245 134 138 170 248 206 186 205 29 227 122 19 90 59 125 191 116 117 0 100 69 249 142 171 52 225 26 115 147 45 86 151 23 229 197 42 184 30 5 94 220 173
164 119 233 223 238 159 128 39 91 75 137 85 123 142 184 21 217 155 129 142 222 207 254 184 180 18 7 53 253 93 66 10 239 79 203 147 28 243 101 141 97 129 39 3 36 174 220 241 128 194 180 208 170 220 33 122 192 8 252 123 21 247 44 154 60 80 219 34 48 42 172 180 140 90 138
153 140 251 105 139 13 118 48 208 158 113 125 38 57 147 226 19 61 24 239 157 181 34 128 147 199 212 54 3 107 50 236 136 89 244 145 171 30 120 16 50 88 8 15 156 214 162 250 3 134 139 118 74 225 161 180 9 219 178 26 94 249 129 17 123 187 239 169 236 102 160 39 252 182 153
22 246 221 78 104 69 35 0 115 138 189 149 215 106 67 222 213 243 179 250 28 191 81 58 55 166 244 189 115 15 181 32 235 70 247 202 188 161 51 120 8 223 181 75 184 7 164 189 8 45 240 199 24 199 124 141 97 131 203 40 180 249 149 101 90 214 133 174 90 204 54 8 211 101 100
31 11 201 53 120 244 29 136 123 114 35 76 140 177 249 217 114 135 110 238 37 118 219 77 190 79 144 103 239 56 230 90 158 53 12 132 185 47 244 153 188 174 210 199 252 220 112 7 68 197 142 20 60 139 197 183 236 157 13 66 160 246 82 80 112 91 129 119 211 62 165 4 196 179 40
107 230 142 223 197 85 50 167 160 66 157 114 158 37 50 226 34 130 245 102 130 168 51 85 95 20 163 61 87 103 13 201 148 132 246 207 214 45 132 72 226 3 98 224 105 104 166 218 17 56 35 43 154 172 23 54 93 67 148 50 223 193 220 136 239 38 240 109 103 16 87 139 182 229 195
54 69 54 132 187 18 59 227 102 160 2 129 235 229 229 10 217 215 148 18 45 174 236 224 76 91 1 84 180 68 34 82 223 188 73 183 205 145 212 110 179 138 4 45 191 13 34 229 6 91 52 162 161 68 198 180 164 13 95 8 195 145 207 89 188 82 255 193 218 133 115 41 167 90 40
114 186 105 193 32 5 46 28 184 134 171 41 183 212 34 241 203 93 180 56 113 239 124 227 243 119 216 52 150 37 239 138 2 216 95 82 152 115 109 98 160 33 33 181 108 212 131 99 40 160 235 77 166 56 125 82 172 55 121 174 46 2 36 54 244 218 144 105 253 11 147 252 54 92 82
201 56 191 132 144 49 25 202 160 112 154 140 238 206 134 110 167 5 182 167 34 215 93 73 181 155 39 246 231 179 48 112 63 49 193 251 203 187 112 231 119 234 92 196 221 211 77 161 252 209 181 154 228 34 159 116 52 113 181 185 49 36 146 58 145 18 179 138 153 67 93 56 121 209 54
137 191 57 173 248 155 198 157 99 81 234 239 224 244 241 58 160 228 70 187 219 126 149 216 217 173 213 251 85 111 49 106 14 25 85 151 253 236 7 53 27 167 192 176 251 73 87 121 71 37 167 165 158 154 30 50 43 66 91 107 68 85 84 254 213 89 236 209 59 193 100 234 44 190 225
34 201 17 101 181 59 33 186 219 45 192 255 3 116 19 120 41 128 92 226 212 175 190 112 129 192 70 56 33 24 246 232 164 54 243 60 200 149 84 11 213 71 174 236 58 249 218 197 212 12 228 250 76 157 145 248 198 55 177 133 202 194 248 139 19 11 166 250 53 112 73 94 76 3 96
26 122 106 174 19 166 61 232 10 4 191 23 86 214 106 129 191 128 235 48 28 115 147 229 212 188 186 238 106 106 235 207 254 167 212 158 176 218 107 192 44 75 233 176 96 47 142 133 223 227 221 221 181 176 13 177 223 178 210 134 249 65 95 159 162 174 221 137 124 43 6 38 43 159 188
106 73 228 206 157 36 148 53 201 159 63 238 42 109 118 170 181 157 233 10 113 239 40 115 255 211 59 69 186 32 71 218 231 107 97 187 131 178 249 56 240 129 73 162 197 168 28 76 2 105 131 136 53 100 249 208 114 167 76 140 155 216 134 47 105 16 187 150 153 18 161 232 34 124 96
108 137 59 208 5 135 208 49 45 64 196 38 25 134 35 75 157 204 126 253 206 36 21 179 53 49 6 111 86 156 99 3 111 137 237 247 35 22 25 43 107 15 94 91 47 141 142 100 45 128 69 58 67 135 14 10 62 140 229 138 169 137 179 133 59 57 194 116 117 152 242 74 188 248 182
216 53 83 127 28 135 121 254 67 89 176 123 17 209 136 63 53 105 62 249 117 41 64 58 132 196 143 120 86 68 47 148 173 87 222 212 19 3 62 37 147 100 34 97 70 150 49 112 178 239 125 3 195 166 39 241 71 201 21 174 98 32 61 132 246 254 249 163 38 249 45 215 0 74 199
158 252 104 123 99 102 165 55 22 3 70 136 64 194 251 212 53 232 166 93 142 230 61 57 186 150 236 113 168 149 14 81 238 46 24 56 218 41 82 188 204 213 213 91 67 78 14 55 254 121 7 100 43 98 0 6 245 173 156 194 235 99 216 1 213 101 173 22 229 105 254 206 25 108 104
230 146 56 109 102 118 138 127 39 166 152 114 111 134 254 99 67 28 18 29 196 64 174 244 30 10 91 33 155 78 63 82 150 239 98 114 119 197 195 255 96 157 58 226 25 130 164 215 197 17 41 222 6 188 74 208 180 217 4 98 155 159 127 32 135 157 253 33 237 111 37 2 183 52 64
177 92 170 221 209 251 131 63 172 46 189 245 145 46 170 129 98 174 238 78 252 120 80 190 188 131 30 229 78 198 136 196 62 126 34 20 5 92 209 236 171 218 38 32 95 36 179 115 165 93 60 226 244 222 140 99 15 112 177 157 246 165 118 171 253 174 123 3 131 230 11 184 213 234 213
49 90 37 148 240 147 3 125 244 8 45 118 2 21 55 128 174 49 45 29 225 185 99 235 89 212 27 38 213 124 39 172 222 169 126 93 185 42 128 98 118 223 86 109 199 30 95 70 78 28 199 206 253 107 4 13 57 202 246 240 197 42 235 148 31 42 15 57 219 55 130 235 4 153 217
187 197 95 182 18 133 85 242 37 54 217 247 45 117 65 237 216 139 186 168 114 220 186 208 66 48 142 61 11 32 125 213 162 208 112 23 112 127 3 2 56 79 74 250 194 31 231 118 64 29 156 221 108 148 14 50 204 219 179 63 68 150 86 111 255 128 78 253 56 32 217 10 46 85 200
99 199 93 189 27 56 4 118 33 226 113 199 16 69 202 168 138 153 120 223 44 4 29 65 45 27 185 98 115 33 130 110 244 0 108 199 4 127 189 201 178 254 31 145 197 150 218 34 110 169 219 160 109 36 206 63 110 98 3 5 20 34 101 213 18 55 35 235 144 248 199 104 134 6 213
85 40 41 133 182 228 254 38 15 145 69 178 244 93 40 185 181 230 94 77 51 165 18 37 92 201 112 11 75 106 167 34 205 169 230 185 215 217 166 90 218 171 224 130 248 228 96 227 18 82 211 105 26 19 102 249 22 145 18 253 103 42 77 20 181 206 64 152 22 85 34 151 141 124 45
10 127 8 128 15 30 88 9 44 101 36 175 117 107 173 61 144 214 20 199 95 223 188 185 244 110 187 72 155 155 156 137 119 121 129 25 251 183 218 147 164 43 194 47 223 112 12 121 101 90 166 97 75 107 250 42 228 76 45 116 42 181 45 6 148 121 35 230 123 164 156 117 27 67 112
62 50 172 49 9 179 231 110 61 148 157 13 97 168 124 205 183 157 225 159 251 139 64 250 77 72 32 196 186 221 170 246 246 24 247 42 151 188 115 91 140 21 172 8 188 42 227 56 194 5 12 83 105 64 173 83 137 226 98 222 101 236 122 182 209 15 234 102 141 59 8 227 1 52 64
21 240 14 169 190 222 86 52 226 234 138 175 85 4 251 18 139 91 252 194 208 250 91 77 169 65 201 2 239 2 178 254 250 253 68 33 253 153 106 99 126 153 215 73 204 167 247 77 213 177 12 202 143 162 8 62 197 150 72 234 94 107 5 155 77 5 235 94 29 55 200 72 232 4 59
151 128 19 77 157 126 73 118 247 39 133 32 24 219 156 236 155 64 48 37 217 145 21 129 101 80 170 102 102 158 240 3 201 79 187 32 118 141 130 170 120 126 30 168 235 75 202 57 151 202 249 209 73 108 22 73 177 116 243 23 17 81 3 69 69 211 45 117 9 236 33 8 91 96 153
49 154 232 61 159 17 102 251 91 217 48 87 212 120 21 234 175 93 20 154 193 244 78 254 230 14 229 165 160 18 164 243 34 196 166 132 200 31 51 118 98 25 163 2 189 133 243 110 253 114 207 184 17 202 59 199 68 111 35 71 155 204 194 186 179 3 244 74 31 235 108 230 68 128 115
78 49 229 193 18 238 71 12 155 211 182 23 119 0 54 168 223 45 7 74 76 63 189 73 206 112 46 196 129 76 234 111 14 108 73 30 96 179 155 226 88 66 167 34 110 195 191 65 171 79 8 19 63 132 157 86 150 204 247 25 141 188 212 2 212 249 139 195 217 234 72 161 173 25 137
