119
185
103
174
72
150
39
151
30
28
67
66
216
241
30
7
66
210
47
3
24
220
230
219
103
63
124
232
4
70
201
144
145
89
208
167
80
111
105
124
148
238
174
41
86
130
158
208
127
190
69
178
97
111
124
114
203
162
15
159
11
212
8
178
132
231
69
198
213
115
29
66
87
25
163
251
212
42
255
196
242
237
202
91
37
121
126
125
179
156
205
15
25
178
188
103
175
105
199
209
194
20
40
19
121
170
24
205
233
61
115
49
97
116
90
125
78
105
99
147
76
147
101
211
112
113
197
79
47
156
252
57
103
23
140
103
162
26
168
72
189
28
64
32
127
171
247
59
240
218
142
97
205
37
55
99
68
100
146
183
110
215
234
1
219
130
158
194
147
25
0
241
236
88
225
252
228
243
91
65
218
81
173
154
201
224
159
7
171
129
194
67
24
63
134
188
164
23
254
107
