161 23 236 70 191 95 138 91 168 231 255 204 212 42 75 139 94 237 230 131 99 91 143 1 30 107 164 155 54 89 4 101 177 42 77 104 207 227 42 31 12 162 110 127 68 247 172 95 56 133
216 233 34 34 134 87 162 96 32 144 114 226 32 157 68 129 211 206 61 28 62 85 164 219 120 28 89 93 217 25 96 197 58 253 204 210 148 227 34 125 95 159 115 18 2 20 94 194 4 163
131 91 59 74 242 91 94 254 68 46 103 99 207 82 147 31 238 169 193 173 230 158 215 162 246 1 228 54 165 184 59 202 60 36 12 225 238 104 157 196 106 107 229 61 3 31 96 19 210 124
55 186 84 203 91 57 27 94 239 112 166 11 175 72 226 116 100 152 178 179 2 1 73 208 5 4 38 213 86 229 203 187 3 117 7 31 205 129 115 108 155 114 54 92 232 112 189 188 232 157
12 191 245 128 241 14 78 77 176 112 186 147 28 39 234 252 141 227 60 76 140 248 181 200 246 82 230 89 5 75 132 190 252 2 177 168 179 5 211 204 205 31 134 55 127 227 52 189 71 223
211 29 109 125 158 239 208 207 221 226 149 72 149 21 171 133 25 161 56 99 152 147 93 167 54 214 119 85 119 3 91 76 110 211 183 100 86 142 167 22 129 137 122 89 202 204 0 255 37 21
205 173 146 49 226 102 73 8 90 123 16 230 27 24 16 70 233 121 78 147 35 120 49 64 212 244 6 97 168 104 89 223 223 253 20 80 204 0 217 175 121 112 80 252 29 38 60 43 218 192
31 213 193 150 246 112 179 189 239 40 195 51 214 193 15 249 116 147 146 120 13 135 97 182 221 38 86 139 120 119 220 132 227 218 115 10 140 102 198 1 212 187 142 131 239 177 23 55 86 120
47 135 141 246 110 193 82 183 225 59 9 166 122 160 16 47 66 164 85 178 26 195 48 132 164 160 20 150 57 77 17 7 201 229 28 173 194 227 53 125 55 116 7 185 52 141 174 28 237 120
146 34 106 197 209 45 85 141 65 190 247 130 184 184 17 1 182 187 235 77 214 232 29 25 76 122 109 2 173 17 113 67 139 103 8 11 70 93 170 116 104 203 174 145 145 61 210 202 141 38
238 180 107 179 206 190 167 38 3 230 225 70 210 9 209 176 225 144 204 194 252 34 168 110 225 224 112 177 213 233 7 68 107 89 216 63 43 243 105 39 15 209 7 180 17 234 104 51 245 148
228 70 15 209 246 10 104 227 17 162 188 7 189 18 117 133 16 188 67 51 91 185 187 233 160 254 74 164 177 84 127 61 11 91 19 200 29 118 53 238 223 66 103 28 149 4 76 255 249 206
38 20 7 157 54 163 29 92 191 145 16 123 156 64 230 11 4 188 10 42 69 174 201 68 245 62 45 226 156 109 201 141 175 74 75 190 145 22 155 249 41 209 204 137 31 239 199 223 116 206
98 205 132 36 210 97 122 131 164 27 255 107 232 79 24 121 158 118 169 131 141 150 255 94 123 69 162 191 157 177 167 83 163 86 148 44 116 84 241 166 50 249 94 120 63 1 250 159 127 192
251 191 117 33 86 137 52 159 48 74 164 92 198 211 188 167 217 113 15 69 11 61 208 44 85 56 146 143 237 206 163 43 56 143 140 148 133 64 210 63 176 94 152 61 7 221 219 72 140 249
150 73 187 38 6 5 220 67 71 61 81 62 147 66 72 108 127 139 187 224 236 231 138 184 234 180 113 18 168 166 132 101 101 74 12 25 153 241 22 12 149 58 252 185 27 181 136 192 168 127
120 240 240 76 176 205 216 67 198 248 29 219 53 255 106 138 32 44 163 223 140 134 43 180 199 61 32 3 90 206 89 51 88 250 199 128 158 194 5 160 139 93 96 44 177 112 2 42 21 117
222 207 101 17 155 251 136 99 57 7 226 72 187 204 9 71 189 90 247 192 122 28 41 221 76 246 104 78 225 47 237 209 225 71 204 9 75 75 204 223 20 211 10 134 93 221 143 234 140 14
123 147 128 93 207 230 127 0 15 101 211 114 47 254 222 21 187 201 243 225 183 86 250 255 83 237 139 244 215 61 134 133 214 122 206 210 251 213 204 117 70 208 14 15 242 126 99 48 68 194
241 112 34 212 72 129 221 150 215 45 124 10 10 181 74 240 146 209 59 142 105 159 190 186 6 243 141 134 137 147 123 56 94 99 150 146 21 198 198 162 163 97 204 133 15 191 75 92 198 47
58 111 126 68 184 108 71 85 155 22 131 167 172 67 99 52 195 154 148 189 172 20 136 171 48 158 47 248 186 233 196 245 66 142 117 59 120 150 86 118 89 59 210 248 79 235 132 13 240 123
167 218 127 212 79 147 162 51 163 63 192 173 82 75 123 138 2 37 253 244 135 142 138 32 73 125 107 145 201 39 220 120 240 89 137 194 16 178 249 40 151 51 101 142 149 193 202 103 208 204
147 3 41 137 160 103 54 153 93 148 3 141 94 231 54 139 110 95 69 153 16 10 84 222 24 194 64 76 114 205 232 13 52 142 135 106 186 58 153 3 246 70 124 76 103 31 228 28 116 146
115 51 0 32 169 238 76 11 37 99 50 172 190 218 123 57 144 243 228 113 211 63 187 33 40 52 191 209 202 211 22 139 36 188 53 235 248 92 176 92 124 11 84 231 56 96 78 116 51 210
32 208 73 121 148 129 186 81 112 125 182 17 11 184 164 82 128 216 5 242 8 7 30 14 47 249 97 3 110 244 239 214 10 25 170 62 200 198 203 15 194 171 163 110 198 221 116 163 23 205
170 45 13 112 183 171 145 56 67 185 125 74 15 130 110 171 27 200 215 167 141 81 212 175 157 138 234 204 88 88 231 169 36 185 155 130 133 203 220 59 184 139 206 115 220 67 208 91 126 204
215 132 198 226 14 62 175 4 180 148 61 96 151 28 171 198 211 206 18 222 24 9 170 246 13 169 184 130 168 191 186 233 151 2 236 167 20 175 98 207 113 168 34 60 233 187 45 83 170 161
84 187 195 207 224 5 249 107 105 184 79 110 60 10 27 205 77 190 15 118 56 250 66 247 153 222 89 93 218 126 38 254 49 130 92 205 113 95 153 115 148 247 217 158 182 133 55 40 197 112
222 1 164 173 249 75 88 3 153 159 245 38 67 7 121 222 145 40 10 133 232 126 248 251 77 30 223 86 62 74 25 63 128 129 22 200 70 120 69 157 70 6 232 207 28 152 1 71 163 62
248 245 19 212 240 225 174 159 149 238 130 53 8 165 254 147 54 17 249 186 92 178 50 73 206 163 129 152 127 65 106 46 193 146 49 88 186 149 159 252 90 133 114 105 13 40 217 75 174 188
187 244 194 89 71 28 163 81 213 126 168 102 14 175 201 128 209 178 217 121 240 57 232 99 29 149 100 195 131 234 62 36 243 251 211 236 219 39 80 224 172 54 79 80 140 124 191 193 74 96
214 61 138 54 201 178 95 95 239 252 60 252 76 215 140 247 115 2 189 52 247 220 113 139 164 123 249 220 94 108 69 44 189 100 233 252 8 204 122 168 6 81 122 215 184 70 74 116 245 36
214 148 155 68 48 16 255 10 123 209 205 106 231 124 117 56 11 118 246 132 143 123 241 1 162 178 168 194 118 70 86 145 241 241 247 68 155 201 251 127 192 124 88 63 141 66 8 99 19 65
138 221 97 207 251 216 121 71 225 159 12 185 200 248 233 76 18 236 3 253 48 116 239 42 119 32 251 7 66 71 82 108 209 190 71 219 48 86 106 174 83 201 241 109 92 63 35 9 142 61
133 200 163 239 23 141 119 254 7 38 57 43 83 206 155 217 192 251 119 22 115 146 48 229 178 19 35 69 39 221 116 195 150 187 6 8 113 224 148 183 253 49 136 107 120 77 218 91 186 116
136 104 23 63 17 28 54 35 90 32 178 232 253 231 4 203 57 160 147 221 166 79 35 202 44 74 68 168 205 193 22 214 28 156 44 38 96 69 252 162 59 4 221 70 230 217 0 185 35 60
8 194 27 206 54 110 130 71 220 18 28 9 32 141 239 89 194 201 126 78 157 51 100 148 230 185 121 48 18 209 188 55 24 66 137 253 219 82 241 86 76 77 152 12 37 240 123 135 131 97
218 161 148 217 197 206 255 64 210 163 136 163 132 245 158 159 200 208 84 104 232 37 2 71 51 30 4 62 19 189 211 129 171 203 16 79 194 101 73 176 189 246 12 22 43 205 180 246 140 115
156 151 235 102 106 229 67 188 109 123 133 80 94 77 89 141 147 195 78 238 79 148 134 125 145 139 252 4 50 246 53 172 77 89 169 36 34 165 10 16 220 64 66 117 253 197 9 120 150 167
247 164 239 175 20 74 203 154 175 7 244 179 160 126 201 5 174 176 104 67 237 39 254 9 189 92 64 97 114 47 5 115 154 44 157 118 36 187 53 208 254 155 80 43 12 152 53 253 59 212
87 21 88 62 44 145 77 195 75 149 62 211 209 154 156 250 242 114 138 92 5 168 77 77 189 43 14 6 64 157 118 66 216 67 155 193 105 183 50 72 213 97 28 109 1 243 195 159 90 161
88 100 146 107 119 232 158 249 56 196 21 66 243 171 180 18 190 241 173 135 114 78 214 3 133 157 230 66 29 43 156 60 160 177 238 167 38 29 13 139 207 92 186 73 110 209 84 187 243 80
167 36 145 95 75 125 16 42 242 137 248 38 204 223 77 112 155 195 125 94 180 175 134 66 26 106 52 203 69 7 216 174 150 48 126 39 48 105 66 241 81 144 206 74 192 95 8 248 189 119
78 113 218 115 159 1 228 123 24 139 233 58 225 136 227 85 31 3 186 229 140 34 138 45 112 117 181 112 102 204 191 253 225 3 250 149 198 233 103 132 214 92 37 101 137 227 221 183 66 141
75 239 210 130 90 109 221 187 183 225 206 1 228 206 103 227 66 242 117 113 41 45 48 210 39 71 101 120 244 3 18 244 46 239 52 119 40 47 134 70 84 213 149 2 162 73 98 103 6 17
164 227 43 59 78 107 6 242 198 232 240 20 32 49 13 57 222 181 189 213 38 180 95 168 79 51 42 179 163 53 127 80 120 249 23 244 248 68 157 80 163 187 77 99 79 133 120 207 144 182
242 98 188 161 223 140 41 98 191 243 98 62 205 18 248 68 3 208 99 171 192 113 231 160 166 189 140 233 80 152 50 33 136 157 67 168 74 27 233 66 194 248 77 91 147 138 220 182 130 244
119 249 119 15 162 249 23 0 154 136 24 255 252 77 182 185 82 24 47 7 252 32 104 33 44 150 46 208 124 226 230 25 122 31 243 223 144 96 44 70 124 36 217 254 23 181 132 178 30 94
95 77 140 41 0 177 132 21 40 7 44 249 75 188 56 244 176 247 48 9 0 250 186 151 52 115 222 153 194 63 96 118 57 94 53 244 5 166 166 238 245 158 60 190 120 130 174 48 183 253
123 8 174 186 250 196 83 87 65 187 35 13 149 178 6 179 243 27 214 191 216 206 134 49 251 64 52 230 9 222 33 166 250 8 105 240 240 55 111 49 254 180 196 213 51 102 200 242 53 222
242 194 103 219 66 244 83 11 61 116 112 193 123 60 230 198 205 89 37 10 248 5 151 172 139 100 228 60 210 26 129 196 231 173 239 158 142 207 14 207 116 213 182 36 172 225 136 88 10 8
225 205 116 158 95 64 169 238 109 5 204 85 215 78 112 94 112 158 241 18 82 40 199 230 51 211 74 76 131 126 54 209 170 15 108 144 191 149 124 244 141 9 99 141 11 171 64 59 64 235
237 93 244 138 237 109 50 18 161 82 29 92 77 67 235 180 25 33 30 177 46 224 139 31 229 246 219 31 49 160 86 236 161 41 69 33 87 53 61 174 245 233 244 45 60 126 84 141 77 182
175 209 73 8 178 226 64 45 82 55 238 147 236 195 240 71 166 67 111 103 64 43 205 199 238 87 1 253 243 111 100 89 236 9 50 135 31 168 196 90 141 127 217 25 37 69 0 2 240 40
78 94 220 70 218 38 49 255 180 165 202 149 219 254 122 166 100 92 118 225 83 112 172 163 238 23 34 84 101 177 231 144 115 130 132 5 78 80 94 127 123 10 211 96 194 149 143 149 189 9
69 41 223 231 25 175 207 43 136 120 94 127 157 197 107 102 227 9 107 75 121 135 8 204 227 123 183 61 210 49 138 171 107 105 252 13 203 21 252 217 48 142 87 241 205 233 25 72 106 135
195 25 253 232 234 104 55 242 123 33 132 79 214 126 77 57 223 56 144 114 170 74 108 127 95 48 212 14 168 197 138 92 27 156 62 56 9 117 214 246 37 132 59 180 183 161 15 187 49 166
91 151 109 22 38 77 250 17 73 55 156 42 215 176 113 64 230 176 101 113 29 99 242 119 255 102 70 186 164 255 181 187 174 44 214 150 171 98 203 145 155 29 175 214 115 126 142 141 238 108
66 251 97 154 103 5 47 56 84 220 188 150 201 172 244 151 6 226 180 95 181 151 165 115 15 179 237 79 149 231 187 157 113 76 157 32 180 24 66 119 99 151 166 236 254 30 164 173 42 147
215 1 83 135 33 184 4 170 100 240 137 212 216 203 110 9 119 24 230 115 58 159 45 21 143 230 25 12 24 241 215 45 195 0 117 159 101 122 149 10 152 179 241 238 240 67 240 63 167 180
43 179 10 94 54 136 87 109 195 24 223 86 92 163 147 188 247 137 190 17 102 206 79 35 85 79 25 75 225 104 236 117 162 182 168 220 206 24 252 4 186 180 2 207 232 50 131 189 98 76
159 215 217 97 217 81 189 203 79 121 254 196 10 185 112 221 248 150 217 203 81 243 191 177 208 12 54 10 81 251 142 93 94 203 176 137 131 177 30 41 112 63 8 111 15 96 45 151 225 252
12 139 9 217 114 243 215 194 25 168 253 173 72 144 87 161 100 125 7 161 112 76 137 123 131 7 61 249 151 114 243 15 153 11 131 229 252 4 152 16 99 241 219 100 227 237 202 202 177 245
148 161 73 120 249 17 3 239 57 78 59 44 183 133 189 147 163 242 130 128 112 83 118 204 235 1 12 0 206 93 120 64 137 17 76 140 158 243 162 145 12 252 192 229 189 16 71 247 105 120
243 240 215 6 105 145 188 45 202 121 110 233 46 79 11 134 70 226 151 19 107 193 121 9 188 156 127 234 226 156 55 240 155 183 109 86 156 141 163 25 75 107 101 63 203 241 6 226 192 210
5 200 104 0 71 241 47 229 135 195 158 113 198 87 149 167 209 159 225 3 216 4 217 137 95 217 102 191 193 182 81 72 18 176 31 126 185 106 133 13 213 44 234 193 32 61 24 142 59 144
114 193 128 193 89 29 80 99 189 229 49 159 163 82 2 30 76 87 54 107 99 241 98 49 149 241 173 144 18 165 107 151 81 238 195 85 199 77 3 4 71 161 255 229 71 171 224 57 74 24
43 190 93 119 225 91 101 201 56 128 171 208 171 181 61 144 119 77 92 194 243 66 45 17 10 232 116 42 239 110 76 142 167 152 196 107 133 147 128 5 171 25 89 12 106 230 114 222 203 209
110 178 9 2 73 151 232 234 182 140 178 35 134 231 26 73 160 62 46 193 203 64 226 33 108 80 172 190 135 129 219 253 141 232 238 77 239 137 71 106 162 17 187 178 132 164 114 11 83 24
247 245 99 149 148 177 184 99 36 12 194 92 17 184 120 157 222 241 40 61 213 204 205 1 165 89 231 234 197 129 88 242 131 228 113 200 226 255 24 100 97 249 76 18 100 21 242 198 236 161
242 32 4 222 47 10 32 209 139 51 31 204 155 5 225 209 25 108 33 209 52 97 219 103 222 199 106 156 254 172 17 17 36 6 94 46 74 4 15 223 32 31 190 44 30 175 240 59 86 125
246 83 161 64 117 177 27 181 229 103 38 191 64 112 131 250 23 110 225 174 19 214 203 27 222 167 9 238 220 67 74 115 147 18 169 18 73 133 230 24 188 74 52 28 108 124 252 111 209 41
168 5 178 60 63 59 217 155 14 136 246 51 86 181 98 230 115 60 137 50 106 204 235 173 110 158 202 109 242 78 16 97 98 224 202 147 208 134 0 161 217 183 235 35 248 35 186 104 169 203
188 244 97 202 108 61 253 25 57 160 5 15 202 158 0 27 124 64 119 45 228 202 78 62 79 225 250 223 183 168 158 27 199 57 71 153 74 23 252 214 209 229 189 219 178 37 215 255 112 213
242 65 189 99 86 13 141 177 33 108 23 238 46 133 18 89 101 252 42 99 181 134 184 190 233 201 124 36 53 10 36 37 13 109 230 0 41 211 166 90 247 102 111 114 18 68 199 147 26 53
157 44 150 140 202 70 218 69 116 144 150 211 54 77 41 152 194 155 243 139 55 180 113 133 106 249 126 167 6 30 191 21 101 23 86 217 113 210 219 115 231 13 149 145 38 12 172 139 247 253
224 37 106 23 252 186 45 134 247 81 225 31 26 12 95 42 14 0 206 113 239 113 81 16 72 191 37 116 198 136 145 68 45 75 123 179 230 52 74 132 211 41 30 6 241 44 182 168 254 125
90 172 135 232 194 207 255 184 164 154 197 172 198 189 127 16 189 129 75 187 132 176 148 103 247 80 224 175 206 251 200 198 117 31 249 83 150 11 241 137 232 123 119 108 30 108 19 221 199 74
75 63 60 179 254 33 55 111 227 199 63 88 63 52 168 145 184 138 76 141 152 213 19 73 247 159 37 204 110 236 131 40 24 62 134 236 140 83 176 12 19 245 109 96 109 199 246 17 176 102
217 122 116 61 156 125 222 194 235 68 18 248 167 223 82 242 58 60 125 171 0 67 237 123 60 16 116 233 24 50 11 242 69 91 62 89 172 204 175 33 172 47 151 157 195 234 86 75 121 18
20 42 182 131 156 42 121 70 227 47 68 31 176 214 164 24 57 43 249 233 104 125 121 99 194 116 197 121 26 187 9 12 69 48 231 92 168 235 60 100 10 197 24 131 191 112 113 143 235 97
199 248 246 218 47 178 4 28 168 18 218 187 161 41 97 120 109 185 170 154 104 210 248 214 233 108 88 232 192 36 130 31 161 26 248 183 71 79 4 189 157 68 32 207 35 81 158 200 176 210
148 20 15 25 143 170 158 165 167 241 224 85 11 8 26 197 55 252 55 118 243 99 229 38 206 62 246 152 57 100 25 83 76 144 83 64 250 206 180 93 219 251 27 152 147 105 229 154 248 34
168 221 212 87 145 154 44 60 54 237 161 147 131 59 89 157 105 38 32 6 102 11 30 64 142 52 99 133 113 18 110 153 143 102 151 10 91 177 98 199 115 68 120 170 162 244 140 216 75 165
87 63 249 53 96 184 5 35 127 89 3 44 96 30 102 106 170 30 173 132 20 52 145 53 247 207 59 149 74 84 44 35 160 160 19 120 127 243 26 228 129 11 143 31 132 146 123 141 211 180
158 3 253 210 15 82 76 91 38 156 18 53 107 51 110 132 224 4 112 193 48 255 73 185 201 32 45 115 19 248 249 71 216 157 36 197 208 109 169 233 172 211 102 126 153 46 185 0 63 216
17 162 80 112 85 155 113 221 173 48 46 102 230 167 1 252 187 97 246 62 145 90 15 117 152 32 85 31 253 82 196 61 36 217 202 29 41 71 198 240 28 8 111 114 5 128 12 123 217 228
113 231 111 20 250 208 241 145 186 1 240 207 204 248 195 202 204 180 28 64 32 93 97 7 125 118 71 102 30 45 49 60 60 180 185 169 117 92 70 207 140 83 22 94 82 159 59 206 164 185
247 234 121 59 212 186 3 55 201 6 197 106 23 150 203 99 227 33 205 144 91 35 96 60 45 30 167 127 181 105 44 172 116 187 111 232 61 14 130 127 64 58 191 49 131 144 60 177 36 104
95 247 53 155 91 224 2 130 191 199 209 50 88 20 103 49 104 135 172 190 244 1 4 226 235 55 131 208 1 2 136 92 155 243 8 236 178 34 31 122 250 208 10 217 119 174 74 171 76 215
30 128 184 1 178 61 152 38 175 2 207 154 252 104 255 228 206 133 184 238 167 252 73 45 229 36 46 180 104 3 217 190 216 32 230 80 9 75 17 62 118 94 106 27 124 71 21 217 47 254
21 16 188 81 249 236 169 250 199 103 52 137 9 100 3 82 60 163 221 165 40 192 126 147 254 141 114 80 71 5 105 200 169 54 191 67 178 251 115 36 234 196 154 37 158 37 128 223 211 50
20 38 144 176 99 201 163 121 115 146 28 23 215 111 200 192 174 163 186 235 240 112 130 255 134 68 232 118 23 23 52 9 177 194 94 235 112 235 98 227 169 66 45 242 162 196 108 103 144 186
30 49 248 237 228 166 49 201 33 36 181 101 240 154 98 121 42 201 75 108 172 171 186 12 127 150 55 146 23 79 157 83 106 243 72 222 154 229 132 22 132 179 125 184 236 63 16 166 213 115
156 181 199 4 67 90 147 58 126 179 161 192 134 221 151 174 60 99 185 41 201 228 81 106 240 204 58 195 128 87 24 247 5 254 36 157 230 217 192 240 94 130 5 60 129 206 45 119 202 201
137 109 68 173 108 120 102 17 137 202 193 89 48 64 229 225 138 111 242 213 1 252 76 127 47 11 254 110 130 111 16 215 204 11 156 133 247 160 15 133 90 242 202 1 178 26 0 56 139 20
164 8 9 191 119 28 127 108 236 150 204 225 155 79 181 61 56 97 138 38 177 172 23 30 34 7 114 164 237 35 255 170 230 85 175 191 229 18 138 133 5 80 86 191 177 178 253 252 163 141
66 44 118 79 206 35 228 78 233 159 170 212 187 213 191 252 182 252 152 184 154 202 158 65 104 144 82 217 9 122 81 86 83 225 11 182 155 107 251 70 106 176 126 106 43 167 209 126 47 216
239 234 65 40 93 183 51 47 172 32 22 177 139 60 9 73 28 143 15 250 83 191 206 53 88 186 212 54 14 193 193 83 168 68 220 30 13 197 199 221 240 62 235 69 205 181 147 27 57 183
184 94 124 230 106 105 222 35 244 237 49 22 20 252 5 45 216 31 95 75 156 188 62 126 42 144 215 180 30 191 215 93 49 136 195 18 119 16 3 138 168 59 255 222 242 217 85 133 219 243
86 52 142 123 10 48 138 147 79 3 144 133 75 22 165 242 209 154 129 47 187 129 53 34 44 232 181 89 112 64 227 84 53 115 102 175 198 189 11 66 228 99 111 111 238 250 72 53 186 38
175 101 236 53 231 155 20 103 116 169 129 59 71 238 184 91 89 243 86 91 32 213 102 226 134 36 114 155 135 129 82 220 252 55 97 39 208 50 188 92 91 89 235 128 4 245 205 91 115 12
62 161 185 186 180 197 190 12 94 34 35 0 158 53 57 92 74 219 47 9 122 159 187 133 55 163 185 152 167 10 52 65 176 76 10 197 151 28 125 180 216 207 14 104 174 74 135 37 129 248
46 70 254 138 144 90 176 67 77 57 1 79 146 150 109 96 8 235 243 62 249 37 187 60 179 82 65 165 238 63 210 37 12 244 138 148 123 114 181 55 133 18 96 62 232 119 219 8 237 214
208 226 212 99 186 23 194 239 109 186 36 116 149 115 149 181 59 236 98 168 242 245 247 29 142 162 140 251 180 222 163 146 147 240 252 42 70 121 251 194 15 35 253 251 32 243 35 50 28 183
30 222 115 175 183 103 99 162 36 69 255 58 208 181 134 199 49 137 64 17 38 105 53 249 247 202 155 98 216 133 196 250 43 200 66 242 189 189 91 238 158 139 99 246 242 0 180 167 166 65
167 192 206 188 42 2 70 64 126 41 94 73 220 185 54 93 168 55 152 230 87 49 231 51 121 179 87 66 199 188 100 56 174 244 1 234 0 42 233 84 186 235 211 31 6 118 138 86 245 18
152 164 162 124 79 4 134 89 74 10 195 195 65 235 222 220 236 99 195 133 118 27 199 99 44 88 175 91 121 52 130 99 48 56 132 197 93 198 123 246 187 33 113 67 163 182 1 142 40 161
44 150 162 80 113 210 121 71 111 42 197 222 177 80 219 101 96 187 118 37 105 195 24 190 173 119 86 232 199 121 176 248 40 232 200 95 119 82 215 4 107 35 93 38 75 37 251 199 104 189
237 76 38 195 215 51 64 233 13 139 83 83 117 2 158 253 4 243 184 227 50 3 186 170 42 203 54 197 120 38 10 45 196 85 137 0 73 137 209 132 9 223 27 206 191 36 196 109 135 170
154 85 33 229 175 101 160 98 255 177 91 13 103 209 120 59 75 128 13 21 97 168 48 215 114 73 79 53 122 27 27 96 11 115 244 141 0 194 94 46 153 181 199 231 246 38 158 105 31 177
248 215 118 90 33 113 189 238 158 250 119 147 241 54 100 125 20 49 27 191 241 47 50 221 8 51 153 2 97 22 243 11 112 132 146 46 33 178 118 60 115 110 105 91 242 65 39 244 62 164
104 248 107 24 74 255 58 120 182 99 188 75 203 107 69 183 205 4 188 72 25 100 1 46 214 202 150 114 113 123 236 51 195 218 157 108 44 206 162 158 59 144 244 225 28 143 18 66 93 54
104 117 28 189 195 146 251 111 226 183 159 16 34 21 131 113 86 202 104 64 30 201 12 105 216 10 203 230 64 209 119 235 40 224 75 160 35 2 98 96 239 65 235 156 49 187 240 103 53 59
9 201 253 83 152 236 100 150 130 233 80 85 55 128 238 215 108 77 108 164 231 251 144 64 115 148 91 153 14 74 22 111 186 69 71 174 92 122 112 195 28 155 9 226 210 165 88 9 129 86
201 70 149 59 141 162 83 8 65 99 196 153 7 3 234 209 230 199 119 232 82 141 209 145 115 16 233 23 141 29 138 174 21 63 109 231 63 251 206 154 125 152 243 4 134 118 66 134 49 30
34 22 246 6 180 44 231 241 58 61 244 255 33 178 82 234 58 123 220 183 204 105 56 70 62 212 2 40 94 118 47 75 29 219 58 175 2 140 117 193 229 132 213 4 240 203 68 136 239 248
71 201 132 65 207 216 50 230 52 234 104 46 192 183 246 65 53 3 87 33 182 113 150 6 248 20 128 253 193 15 95 44 227 124 190 30 82 80 17 63 151 250 85 90 113 231 223 78 66 113
81 229 227 225 76 15 255 43 121 73 85 239 141 232 31 108 191 18 199 134 224 153 157 25 111 192 135 118 105 46 65 163 17 154 244 100 250 121 178 215 227 238 213 220 66 95 29 247 139 191
105 237 150 239 34 185 176 205 206 127 254 217 85 201 188 215 156 56 147 60 48 81 17 19 152 109 3 0 228 96 238 176 177 191 143 163 68 216 118 134 107 103 138 192 62 74 117 162 188 249
152 45 226 25 139 160 143 88 79 65 208 185 220 121 196 16 233 58 3 142 62 241 6 164 170 164 73 40 144 5 229 228 188 189 17 187 213 217 166 66 82 48 159 76 66 151 91 186 196 60
31 33 248 90 30 187 244 107 222 59 177 134 133 138 82 169 169 207 34 153 206 248 43 178 151 226 109 100 24 180 206 135 138 210 24 2 55 26 52 67 74 238 30 23 122 133 132 181 87 22
207 99 183 59 236 163 199 51 196 165 67 9 6 252 245 228 82 47 1 145 148 215 29 118 247 135 145 179 251 119 92 165 103 194 170 97 22 200 131 42 109 172 250 74 179 94 46 164 25 212
158 196 167 229 191 191 14 136 176 220 71 120 180 117 89 53 74 83 236 233 251 4 62 27 130 252 140 130 228 59 223 12 37 129 163 172 143 74 219 129 175 92 57 207 27 233 114 102 123 81
87 198 99 26 213 125 191 226 10 125 227 34 40 167 200 128 107 223 132 9 174 200 238 105 67 143 207 199 116 30 254 195 193 158 214 166 89 95 138 10 242 99 34 174 98 130 160 113 55 139
126 66 61 163 44 95 157 50 62 83 44 148 179 42 209 147 172 206 103 213 40 82 27 220 51 155 159 94 28 29 67 148 174 159 104 79 8 35 43 161 133 200 186 37 201 202 16 218 212 84
110 106 200 41 222 46 144 159 176 168 13 32 170 32 233 94 119 215 152 68 195 188 47 141 201 25 134 55 153 135 226 176 37 192 14 232 180 216 30 49 245 26 143 26 12 63 92 32 122 137
172 182 141 135 222 255 49 153 90 38 80 232 23 4 161 193 61 104 138 239 9 68 236 74 239 80 248 19 109 240 188 73 60 36 132 207 59 4 4 116 203 28 234 84 35 226 93 176 70 50
196 185 36 187 46 49 213 2 208 148 173 161 180 138 175 41 38 61 43 211 162 152 150 141 75 114 46 30 171 166 65 182 201 69 95 213 198 143 248 149 201 63 5 132 162 66 12 47 54 37
50 248 56 60 98 180 39 215 11 33 71 195 58 119 84 171 35 158 73 237 153 61 31 10 200 52 249 41 244 32 196 188 102 166 123 96 251 101 74 243 147 114 57 192 86 75 132 249 125 209
245 37 94 6 141 173 46 29 86 244 65 33 193 126 205 190 173 29 109 211 123 126 110 39 39 0 70 52 125 94 141 186 67 0 81 231 115 180 235 248 102 24 161 32 178 211 48 3 66 146
21 222 178 248 217 66 64 33 186 85 26 71 125 109 204 127 101 38 212 221 248 90 195 159 119 54 86 101 198 145 0 146 141 4 228 129 225 51 183 75 109 109 3 238 199 90 182 44 248 193
7 243 55 152 168 130 145 227 103 148 44 207 229 165 66 117 68 62 44 18 119 162 15 164 192 131 75 179 13 150 99 157 231 123 119 132 115 196 76 12 193 128 254 216 174 116 92 177 61 161
107 33 77 167 33 255 47 210 140 160 72 9 111 46 16 32 117 149 203 6 250 115 135 68 169 3 188 0 83 45 38 208 117 58 162 89 123 249 210 60 86 161 99 215 201 170 145 102 169 183
146 132 183 249 231 152 10 29 222 39 147 211 46 24 46 181 60 86 210 41 64 125 229 227 81 174 17 130 172 47 140 7 132 183 96 218 207 48 132 88 179 169 115 56 233 235 106 248 98 255
70 178 64 118 231 147 233 210 84 207 186 153 2 129 106 84 89 174 100 70 62 57 57 87 40 233 118 175 164 99 12 108 121 121 54 174 224 142 211 241 178 17 86 80 196 74 82 121 143 134
166 1 142 70 46 179 72 3 135 19 213 6 142 246 255 168 237 239 164 96 249 253 66 46 204 58 18 190 35 13 130 221 45 184 116 218 143 116 196 224 135 183 73 33 4 142 13 123 57 22
83 207 29 212 68 185 103 206 228 106 16 64 220 39 27 88 133 175 9 239 127 101 82 4 25 117 107 198 243 126 72 70 198 112 163 198 143 107 74 180 147 14 41 180 165 181 121 243 85 88
9 104 71 109 249 250 180 15 235 93 144 171 115 255 99 26 247 69 250 55 3 159 221 150 127 168 118 17 254 49 24 114 151 255 132 94 187 87 101 78 138 128 200 156 5 143 182 140 7 86
76 21 46 89 195 166 205 184 136 183 130 116 220 157 232 59 193 134 129 140 107 99 196 166 20 7 150 0 61 83 139 225 219 245 61 214 107 29 225 213 92 221 185 29 164 214 175 78 152 53
7 255 91 252 44 112 48 103 24 178 145 66 104 244 121 39 3 61 236 154 91 66 24 240 22 68 18 125 79 13 244 17 63 55 75 23 55 105 97 112 101 142 61 118 58 105 46 93 37 48
115 157 187 181 246 152 130 132 28 193 57 87 117 34 220 241 121 112 1 87 201 141 172 95 170 96 92 239 240 118 158 3 29 189 213 240 28 15 92 78 104 253 58 38 143 72 248 44 58 8
227 30 68 22 129 12 162 7 120 241 85 110 8 179 154 91 157 172 91 135 112 39 143 104 230 20 212 20 69 14 38 246 230 184 171 103 252 3 156 143 106 39 228 107 136 114 157 47 188 37
254 170 110 155 44 186 240 211 220 255 121 123 209 198 136 202 69 80 18 101 22 195 235 236 167 71 94 165 160 192 206 205 97 46 88 6 247 6 245 33 163 113 116 138 119 154 133 49 202 22
119 162 167 74 156 84 129 145 81 23 39 181 39 53 8 155 181 76 172 79 54 171 145 185 155 244 68 90 68 228 126 118 117 160 61 125 120 229 56 58 217 253 67 149 61 83 215 239 33 210
171 42 97 73 85 12 61 239 165 218 44 246 148 162 140 155 189 33 253 58 124 43 22 20 11 192 7 61 105 250 23 118 50 165 168 246 37 68 13 25 161 189 248 149 114 172 46 54 42 218
201 221 2 117 238 66 26 134 179 39 53 91 213 228 205 226 69 128 5 111 17 205 114 58 63 79 64 139 43 27 102 101 73 179 207 60 204 216 100 47 234 237 219 21 75 172 238 19 37 226
118 105 186 229 4 147 149 136 130 41 118 244 14 23 193 119 6 252 130 179 89 215 219 4 138 116 167 128 74 194 138 175 67 92 165 15 58 188 97 69 251 62 173 92 5 79 107 109 196 184
241 32 235 107 87 40 185 167 173 179 136 168 185 78 142 97 201 109 42 99 162 210 241 106 18 21 114 72 240 173 151 136 32 226 57 64 122 183 4 195 74 200 161 111 228 142 18 126 139 79
9 17 201 20 105 27 230 19 246 191 38 79 234 153 150 14 46 238 111 69 236 2 77 122 69 209 132 131 45 171 20 147 198 159 202 102 239 63 218 55 161 6 92 95 165 44 212 97 64 67
184 98 45 61 181 137 169 205 77 126 62 177 167 245 141 106 222 173 103 162 140 173 33 54 219 223 124 55 230 165 58 163 210 53 97 221 169 244 23 161 241 229 36 252 251 251 175 119 53 127
141 235 100 92 96 211 50 149 164 211 206 20 242 183 177 123 198 214 45 33 81 156 169 144 162 107 100 255 152 26 135 153 60 4 222 126 164 30 116 108 191 162 48 114 101 225 88 29 179 50
118 59 96 77 241 83 220 111 4 49 100 216 90 245 194 79 182 15 106 6 215 170 113 191 42 16 28 31 18 109 180 232 174 219 21 86 217 134 4 108 103 160 180 17 91 45 67 60 65 128
251 43 146 202 178 122 220 135 47 252 74 15 53 161 216 221 126 195 49 204 165 104 54 57 170 165 238 233 45 29 80 157 113 242 132 39 114 73 74 80 22 187 98 125 101 53 13 244 197 226
82 203 54 208 187 151 39 177 235 91 212 65 220 234 154 152 90 94 0 95 113 123 127 237 165 73 186 139 157 9 104 240 52 242 216 127 125 42 250 34 33 125 231 13 233 119 51 124 246 124
62 161 154 12 196 146 172 31 11 243 143 126 231 115 233 241 194 5 146 82 135 65 247 164 8 225 45 4 191 157 209 65 91 215 218 118 126 131 0 63 10 74 133 150 173 94 117 211 125 126
208 229 96 123 45 139 41 103 204 223 117 240 35 41 5 51 12 65 253 186 247 136 142 101 125 81 30 217 205 201 233 95 95 9 89 196 66 202 75 30 106 238 75 125 137 67 34 246 195 144
23 160 102 178 32 223 91 138 183 112 72 89 177 200 148 218 83 32 254 132 173 177 91 146 2 98 183 255 63 190 252 120 138 47 78 92 204 70 143 135 131 252 107 9 47 180 57 234 188 205
216 64 83 219 166 112 12 211 94 50 113 144 112 20 82 75 3 154 27 174 166 228 226 89 103 145 244 192 49 104 246 81 149 54 89 36 57 102 164 207 16 224 184 111 3 65 167 37 89 94
2 18 154 247 163 83 55 75 196 89 249 116 242 13 179 54 83 194 230 75 209 127 56 66 158 116 91 34 141 166 144 37 93 63 4 233 87 112 154 84 197 8 251 229 14 53 198 219 190 22
205 235 94 71 206 119 184 18 66 198 204 47 16 162 164 186 22 133 243 193 147 198 216 152 177 237 36 151 60 164 41 245 172 191 80 216 25 181 38 99 124 91 172 106 44 189 169 117 216 186
242 98 183 248 247 163 106 42 84 147 44 63 101 208 3 174 177 44 180 62 132 53 199 172 199 189 235 201 220 72 89 174 252 238 249 24 26 86 32 36 48 217 175 150 82 113 42 50 106 199
111 178 27 33 11 1 249 160 80 225 216 200 221 188 130 82 76 192 233 233 147 59 223 245 196 100 97 118 254 215 89 51 123 22 53 4 161 171 205 100 223 159 203 13 210 109 101 71 178 129
252 80 116 128 38 49 151 50 0 33 14 69 91 250 124 164 42 163 85 98 207 68 51 212 127 4 40 27 14 43 127 195 89 10 152 75 140 27 97 44 0 74 250 88 189 139 144 210 173 30
111 212 13 199 68 156 225 159 113 54 246 182 180 10 150 191 153 204 39 183 75 66 46 160 12 80 240 140 207 217 211 94 60 169 162 8 23 175 106 181 224 38 83 135 47 216 79 111 225 88
52 225 131 239 42 29 252 192 50 56 187 4 66 174 128 154 80 49 184 193 19 116 83 3 134 210 71 32 197 175 244 111 178 177 100 250 246 199 215 181 79 2 50 1 77 124 231 21 224 4
116 7 1 117 122 226 52 173 117 34 51 144 149 249 99 23 191 138 154 89 230 14 37 33 36 24 176 105 215 69 21 185 181 43 25 73 60 114 50 76 165 83 163 75 38 38 150 105 120 185
244 243 69 145 204 155 195 158 139 117 194 249 22 121 136 68 41 109 89 61 237 151 212 129 82 195 80 43 155 91 93 188 99 95 117 124 202 96 65 185 125 95 54 228 129 164 203 210 206 237
31 251 203 55 133 132 151 192 59 31 15 231 154 141 88 125 75 231 251 196 23 68 71 34 211 242 222 177 12 199 47 76 31 187 109 107 92 197 46 229 141 12 252 214 87 115 111 133 117 63
199 80 105 165 232 253 109 13 108 167 29 21 126 61 22 80 225 228 151 174 141 11 212 159 22 116 83 99 150 186 237 3 242 225 252 74 52 85 85 185 21 0 124 240 44 35 204 79 194 103
173 191 239 27 189 219 22 231 82 218 69 149 171 25 125 235 71 97 206 164 255 187 137 21 18 49 145 68 23 114 94 214 184 50 19 195 19 132 92 119 160 132 103 30 134 122 116 32 202 100
9 102 131 73 46 80 64 27 254 51 218 56 230 0 177 116 88 9 45 134 220 236 192 239 134 185 178 138 73 214 205 154 88 201 24 236 64 158 18 71 248 233 177 82 116 254 31 191 219 218
84 124 221 108 189 41 216 176 133 90 153 106 51 160 22 195 26 234 25 83 80 221 97 122 249 238 7 207 208 24 57 234 148 44 50 22 156 64 202 170 229 150 190 254 12 231 127 48 51 143
244 88 195 58 27 188 110 198 44 70 27 108 112 253 119 134 20 112 183 87 114 137 180 179 7 213 96 26 171 179 185 27 224 4 107 47 134 82 169 233 146 84 177 244 89 19 9 245 119 53
149 208 111 124 33 186 109 253 209 57 181 253 182 136 158 0 152 227 36 145 146 28 158 233 62 45 159 20 167 165 84 220 25 30 48 179 50 29 54 121 223 88 154 34 178 147 100 44 245 225
71 142 40 144 47 193 253 174 3 83 24 166 44 42 29 92 178 150 62 169 22 98 233 102 208 50 177 34 222 64 107 234 243 242 216 114 11 188 180 22 8 14 94 182 10 118 87 147 93 31
183 144 95 205 115 206 31 129 244 217 227 30 240 42 247 223 75 188 161 112 93 150 13 29 106 33 119 37 225 7 101 57 47 169 240 250 170 162 244 114 131 96 94 183 177 19 233 80 209 173
43 143 154 82 235 167 199 72 39 107 0 190 118 202 9 91 36 108 160 32 67 198 192 45 105 199 110 74 248 79 188 176 188 143 204 230 124 214 91 110 237 140 149 97 191 83 87 143 10 121
57 76 67 223 194 253 81 254 30 35 203 231 168 152 35 71 203 168 32 210 204 124 130 49 252 46 143 176 218 225 8 48 83 215 117 153 89 162 191 241 55 234 76 249 90 55 233 249 32 241
66 217 160 147 17 53 187 111 246 50 253 196 233 239 121 226 107 142 63 40 109 25 40 118 235 238 209 99 226 190 190 30 132 123 177 150 70 12 107 189 198 145 57 174 246 19 73 35 37 172
210 128 53 60 150 157 4 195 85 160 16 7 127 210 133 214 97 164 59 117 12 192 176 205 107 138 214 237 127 119 203 24 31 149 162 196 33 173 31 44 116 162 47 141 54 107 8 204 250 6
216 70 45 134 119 45 246 63 54 78 252 116 32 46 87 172 238 249 27 220 103 174 173 197 210 251 242 238 210 166 250 123 121 164 80 117 225 129 156 197 2 136 88 200 9 239 116 41 210 177
228 246 95 191 16 235 98 237 90 154 15 177 242 141 103 122 227 170 206 162 108 82 190 41 193 243 29 37 116 227 113 245 247 230 57 167 209 108 155 142 187 171 226 48 100 65 195 204 84 158
193 46 184 186 182 248 209 203 185 99 174 238 78 86 5 196 128 85 44 88 36 52 159 167 135 56 245 64 198 98 7 183 163 209 7 41 203 58 46 168 230 170 247 162 49 11 87 186 22 84
52 182 28 162 156 203 171 226 72 156 107 114 22 108 209 98 82 7 16 20 147 233 11 48 50 96 83 149 247 130 244 222 70 95 169 134 7 152 106 65 171 90 125 175 76 13 126 62 215 98
29 78 250 238 202 147 238 30 8 134 171 22 178 17 94 145 177 153 108 132 21 21 197 7 101 238 122 137 141 122 156 48 151 121 170 34 203 196 62 162 142 120 99 73 220 174 222 70 252 215
123 113 156 25 29 159 31 182 100 183 85 250 154 200 96 24 205 250 30 190 190 200 202 224 22 208 46 111 10 214 79 164 196 45 251 201 32 26 71 231 141 21 38 5 112 73 143 134 215 225
243 129 96 183 87 101 178 111 115 210 158 65 232 32 111 241 69 186 51 135 51 238 249 142 37 225 188 217 57 35 132 48 91 196 51 106 145 11 26 38 75 222 100 96 15 237 49 20 153 52
228 162 67 27 218 219 42 1 173 95 68 8 60 126 130 108 210 39 147 112 160 231 76 236 47 241 195 68 163 172 104 252 97 130 234 200 214 242 136 181 106 79 236 66 21 50 67 169 119 203
51 3 12 100 5 213 49 232 29 46 242 245 126 139 229 52 232 143 95 192 184 172 186 112 172 27 96 127 96 221 42 5 117 44 164 70 36 133 97 162 59 1 61 56 224 175 250 116 242 21
34 222 203 9 175 52 125 235 42 32 127 196 68 177 176 47 77 59 53 72 139 83 189 117 217 182 200 53 119 251 174 90 50 218 151 235 110 254 122 115 198 109 239 86 200 183 167 189 107 122
27 73 123 93 228 67 212 62 233 114 170 186 21 115 170 78 38 50 114 48 63 142 230 147 130 243 64 37 226 41 203 93 155 52 45 189 65 137 78 207 170 25 152 219 93 230 237 142 217 201
127 95 127 158 32 211 219 17 240 132 146 102 67 103 130 198 49 36 249 246 250 90 226 69 140 194 43 233 52 9 241 74 22 253 43 46 229 110 21 45 252 45 56 112 74 9 150 47 170 103
150 43 182 55 161 167 119 61 175 192 197 59 178 133 30 67 175 33 70 251 42 203 173 60 184 38 190 191 229 118 7 240 199 145 160 115 228 233 214 121 205 91 152 47 122 1 20 25 118 72
249 202 95 39 231 201 73 242 41 70 46 151 24 71 240 155 163 210 154 204 69 29 102 56 60 85 213 100 248 25 120 11 28 63 137 178 129 104 231 206 118 56 79 168 152 248 217 69 14 176
164 141 153 5 231 20 199 16 177 74 79 172 154 190 178 20 226 152 92 94 202 42 108 214 14 49 65 161 26 47 64 198 174 210 174 5 75 240 35 55 155 239 111 128 131 82 255 96 88 13
168 80 186 112 28 227 57 85 178 155 90 31 216 175 72 4 29 227 248 124 255 116 140 153 155 247 246 100 107 3 141 207 16 151 114 86 124 186 61 112 6 95 111 214 101 3 181 122 158 52
94 100 187 44 182 37 93 248 184 53 225 75 58 109 215 19 67 126 243 67 209 223 77 163 59 210 77 176 252 188 134 209 88 49 61 31 219 114 237 142 235 203 223 181 243 138 194 54 219 254
183 162 81 100 179 110 5 21 56 47 75 187 108 248 177 254 123 223 22 28 142 132 139 203 165 68 171 125 230 3 189 240 132 248 27 254 57 126 20 255 45 172 36 152 160 53 212 201 166 51
183 137 68 130 52 200 17 84 210 219 91 78 130 24 25 39 247 64 163 93 61 238 241 55 12 123 87 168 255 216 110 101 199 198 123 74 19 119 214 58 244 126 62 170 132 167 129 93 116 92
