187
164
118
187
113
201
137
74
125
135
22
167
82
249
220
208
163
62
100
150
21
149
27
130
152
19
117
6
119
254
110
208
15
10
228
247
152
129
146
131
140
43
103
241
181
146
14
128
44
122
255
203
6
212
144
134
134
20
8
213
149
214
89
253
174
231
244
48
252
99
58
3
84
196
235
121
203
44
219
54
133
92
6
218
129
79
167
58
57
235
240
195
69
175
204
75
218
17
212
239
76
160
151
170
96
8
6
83
161
47
142
205
185
217
203
6
32
54
123
81
22
144
174
102
148
157
239
62
220
121
168
112
84
63
187
232
143
46
123
62
